2000 4
0 0 1 202 201
1 1 2 203 202
2 2 3 204 203
3 3 4 205 204
4 4 5 206 205
5 5 6 207 206
6 6 7 208 207
7 7 8 209 208
8 8 9 210 209
9 9 10 211 210
10 10 11 212 211
11 11 12 213 212
12 12 13 214 213
13 13 14 215 214
14 14 15 216 215
15 15 16 217 216
16 16 17 218 217
17 17 18 219 218
18 18 19 220 219
19 19 20 221 220
20 20 21 222 221
21 21 22 223 222
22 22 23 224 223
23 23 24 225 224
24 24 25 226 225
25 25 26 227 226
26 26 27 228 227
27 27 28 229 228
28 28 29 230 229
29 29 30 231 230
30 30 31 232 231
31 31 32 233 232
32 32 33 234 233
33 33 34 235 234
34 34 35 236 235
35 35 36 237 236
36 36 37 238 237
37 37 38 239 238
38 38 39 240 239
39 39 40 241 240
40 40 41 242 241
41 41 42 243 242
42 42 43 244 243
43 43 44 245 244
44 44 45 246 245
45 45 46 247 246
46 46 47 248 247
47 47 48 249 248
48 48 49 250 249
49 49 50 251 250
50 50 51 252 251
51 51 52 253 252
52 52 53 254 253
53 53 54 255 254
54 54 55 256 255
55 55 56 257 256
56 56 57 258 257
57 57 58 259 258
58 58 59 260 259
59 59 60 261 260
60 60 61 262 261
61 61 62 263 262
62 62 63 264 263
63 63 64 265 264
64 64 65 266 265
65 65 66 267 266
66 66 67 268 267
67 67 68 269 268
68 68 69 270 269
69 69 70 271 270
70 70 71 272 271
71 71 72 273 272
72 72 73 274 273
73 73 74 275 274
74 74 75 276 275
75 75 76 277 276
76 76 77 278 277
77 77 78 279 278
78 78 79 280 279
79 79 80 281 280
80 80 81 282 281
81 81 82 283 282
82 82 83 284 283
83 83 84 285 284
84 84 85 286 285
85 85 86 287 286
86 86 87 288 287
87 87 88 289 288
88 88 89 290 289
89 89 90 291 290
90 90 91 292 291
91 91 92 293 292
92 92 93 294 293
93 93 94 295 294
94 94 95 296 295
95 95 96 297 296
96 96 97 298 297
97 97 98 299 298
98 98 99 300 299
99 99 100 301 300
100 100 101 302 301
101 101 102 303 302
102 102 103 304 303
103 103 104 305 304
104 104 105 306 305
105 105 106 307 306
106 106 107 308 307
107 107 108 309 308
108 108 109 310 309
109 109 110 311 310
110 110 111 312 311
111 111 112 313 312
112 112 113 314 313
113 113 114 315 314
114 114 115 316 315
115 115 116 317 316
116 116 117 318 317
117 117 118 319 318
118 118 119 320 319
119 119 120 321 320
120 120 121 322 321
121 121 122 323 322
122 122 123 324 323
123 123 124 325 324
124 124 125 326 325
125 125 126 327 326
126 126 127 328 327
127 127 128 329 328
128 128 129 330 329
129 129 130 331 330
130 130 131 332 331
131 131 132 333 332
132 132 133 334 333
133 133 134 335 334
134 134 135 336 335
135 135 136 337 336
136 136 137 338 337
137 137 138 339 338
138 138 139 340 339
139 139 140 341 340
140 140 141 342 341
141 141 142 343 342
142 142 143 344 343
143 143 144 345 344
144 144 145 346 345
145 145 146 347 346
146 146 147 348 347
147 147 148 349 348
148 148 149 350 349
149 149 150 351 350
150 150 151 352 351
151 151 152 353 352
152 152 153 354 353
153 153 154 355 354
154 154 155 356 355
155 155 156 357 356
156 156 157 358 357
157 157 158 359 358
158 158 159 360 359
159 159 160 361 360
160 160 161 362 361
161 161 162 363 362
162 162 163 364 363
163 163 164 365 364
164 164 165 366 365
165 165 166 367 366
166 166 167 368 367
167 167 168 369 368
168 168 169 370 369
169 169 170 371 370
170 170 171 372 371
171 171 172 373 372
172 172 173 374 373
173 173 174 375 374
174 174 175 376 375
175 175 176 377 376
176 176 177 378 377
177 177 178 379 378
178 178 179 380 379
179 179 180 381 380
180 180 181 382 381
181 181 182 383 382
182 182 183 384 383
183 183 184 385 384
184 184 185 386 385
185 185 186 387 386
186 186 187 388 387
187 187 188 389 388
188 188 189 390 389
189 189 190 391 390
190 190 191 392 391
191 191 192 393 392
192 192 193 394 393
193 193 194 395 394
194 194 195 396 395
195 195 196 397 396
196 196 197 398 397
197 197 198 399 398
198 198 199 400 399
199 199 200 401 400
200 201 202 403 402
201 202 203 404 403
202 203 204 405 404
203 204 205 406 405
204 205 206 407 406
205 206 207 408 407
206 207 208 409 408
207 208 209 410 409
208 209 210 411 410
209 210 211 412 411
210 211 212 413 412
211 212 213 414 413
212 213 214 415 414
213 214 215 416 415
214 215 216 417 416
215 216 217 418 417
216 217 218 419 418
217 218 219 420 419
218 219 220 421 420
219 220 221 422 421
220 221 222 423 422
221 222 223 424 423
222 223 224 425 424
223 224 225 426 425
224 225 226 427 426
225 226 227 428 427
226 227 228 429 428
227 228 229 430 429
228 229 230 431 430
229 230 231 432 431
230 231 232 433 432
231 232 233 434 433
232 233 234 435 434
233 234 235 436 435
234 235 236 437 436
235 236 237 438 437
236 237 238 439 438
237 238 239 440 439
238 239 240 441 440
239 240 241 442 441
240 241 242 443 442
241 242 243 444 443
242 243 244 445 444
243 244 245 446 445
244 245 246 447 446
245 246 247 448 447
246 247 248 449 448
247 248 249 450 449
248 249 250 451 450
249 250 251 452 451
250 251 252 453 452
251 252 253 454 453
252 253 254 455 454
253 254 255 456 455
254 255 256 457 456
255 256 257 458 457
256 257 258 459 458
257 258 259 460 459
258 259 260 461 460
259 260 261 462 461
260 261 262 463 462
261 262 263 464 463
262 263 264 465 464
263 264 265 466 465
264 265 266 467 466
265 266 267 468 467
266 267 268 469 468
267 268 269 470 469
268 269 270 471 470
269 270 271 472 471
270 271 272 473 472
271 272 273 474 473
272 273 274 475 474
273 274 275 476 475
274 275 276 477 476
275 276 277 478 477
276 277 278 479 478
277 278 279 480 479
278 279 280 481 480
279 280 281 482 481
280 281 282 483 482
281 282 283 484 483
282 283 284 485 484
283 284 285 486 485
284 285 286 487 486
285 286 287 488 487
286 287 288 489 488
287 288 289 490 489
288 289 290 491 490
289 290 291 492 491
290 291 292 493 492
291 292 293 494 493
292 293 294 495 494
293 294 295 496 495
294 295 296 497 496
295 296 297 498 497
296 297 298 499 498
297 298 299 500 499
298 299 300 501 500
299 300 301 502 501
300 301 302 503 502
301 302 303 504 503
302 303 304 505 504
303 304 305 506 505
304 305 306 507 506
305 306 307 508 507
306 307 308 509 508
307 308 309 510 509
308 309 310 511 510
309 310 311 512 511
310 311 312 513 512
311 312 313 514 513
312 313 314 515 514
313 314 315 516 515
314 315 316 517 516
315 316 317 518 517
316 317 318 519 518
317 318 319 520 519
318 319 320 521 520
319 320 321 522 521
320 321 322 523 522
321 322 323 524 523
322 323 324 525 524
323 324 325 526 525
324 325 326 527 526
325 326 327 528 527
326 327 328 529 528
327 328 329 530 529
328 329 330 531 530
329 330 331 532 531
330 331 332 533 532
331 332 333 534 533
332 333 334 535 534
333 334 335 536 535
334 335 336 537 536
335 336 337 538 537
336 337 338 539 538
337 338 339 540 539
338 339 340 541 540
339 340 341 542 541
340 341 342 543 542
341 342 343 544 543
342 343 344 545 544
343 344 345 546 545
344 345 346 547 546
345 346 347 548 547
346 347 348 549 548
347 348 349 550 549
348 349 350 551 550
349 350 351 552 551
350 351 352 553 552
351 352 353 554 553
352 353 354 555 554
353 354 355 556 555
354 355 356 557 556
355 356 357 558 557
356 357 358 559 558
357 358 359 560 559
358 359 360 561 560
359 360 361 562 561
360 361 362 563 562
361 362 363 564 563
362 363 364 565 564
363 364 365 566 565
364 365 366 567 566
365 366 367 568 567
366 367 368 569 568
367 368 369 570 569
368 369 370 571 570
369 370 371 572 571
370 371 372 573 572
371 372 373 574 573
372 373 374 575 574
373 374 375 576 575
374 375 376 577 576
375 376 377 578 577
376 377 378 579 578
377 378 379 580 579
378 379 380 581 580
379 380 381 582 581
380 381 382 583 582
381 382 383 584 583
382 383 384 585 584
383 384 385 586 585
384 385 386 587 586
385 386 387 588 587
386 387 388 589 588
387 388 389 590 589
388 389 390 591 590
389 390 391 592 591
390 391 392 593 592
391 392 393 594 593
392 393 394 595 594
393 394 395 596 595
394 395 396 597 596
395 396 397 598 597
396 397 398 599 598
397 398 399 600 599
398 399 400 601 600
399 400 401 602 601
400 402 403 604 603
401 403 404 605 604
402 404 405 606 605
403 405 406 607 606
404 406 407 608 607
405 407 408 609 608
406 408 409 610 609
407 409 410 611 610
408 410 411 612 611
409 411 412 613 612
410 412 413 614 613
411 413 414 615 614
412 414 415 616 615
413 415 416 617 616
414 416 417 618 617
415 417 418 619 618
416 418 419 620 619
417 419 420 621 620
418 420 421 622 621
419 421 422 623 622
420 422 423 624 623
421 423 424 625 624
422 424 425 626 625
423 425 426 627 626
424 426 427 628 627
425 427 428 629 628
426 428 429 630 629
427 429 430 631 630
428 430 431 632 631
429 431 432 633 632
430 432 433 634 633
431 433 434 635 634
432 434 435 636 635
433 435 436 637 636
434 436 437 638 637
435 437 438 639 638
436 438 439 640 639
437 439 440 641 640
438 440 441 642 641
439 441 442 643 642
440 442 443 644 643
441 443 444 645 644
442 444 445 646 645
443 445 446 647 646
444 446 447 648 647
445 447 448 649 648
446 448 449 650 649
447 449 450 651 650
448 450 451 652 651
449 451 452 653 652
450 452 453 654 653
451 453 454 655 654
452 454 455 656 655
453 455 456 657 656
454 456 457 658 657
455 457 458 659 658
456 458 459 660 659
457 459 460 661 660
458 460 461 662 661
459 461 462 663 662
460 462 463 664 663
461 463 464 665 664
462 464 465 666 665
463 465 466 667 666
464 466 467 668 667
465 467 468 669 668
466 468 469 670 669
467 469 470 671 670
468 470 471 672 671
469 471 472 673 672
470 472 473 674 673
471 473 474 675 674
472 474 475 676 675
473 475 476 677 676
474 476 477 678 677
475 477 478 679 678
476 478 479 680 679
477 479 480 681 680
478 480 481 682 681
479 481 482 683 682
480 482 483 684 683
481 483 484 685 684
482 484 485 686 685
483 485 486 687 686
484 486 487 688 687
485 487 488 689 688
486 488 489 690 689
487 489 490 691 690
488 490 491 692 691
489 491 492 693 692
490 492 493 694 693
491 493 494 695 694
492 494 495 696 695
493 495 496 697 696
494 496 497 698 697
495 497 498 699 698
496 498 499 700 699
497 499 500 701 700
498 500 501 702 701
499 501 502 703 702
500 502 503 704 703
501 503 504 705 704
502 504 505 706 705
503 505 506 707 706
504 506 507 708 707
505 507 508 709 708
506 508 509 710 709
507 509 510 711 710
508 510 511 712 711
509 511 512 713 712
510 512 513 714 713
511 513 514 715 714
512 514 515 716 715
513 515 516 717 716
514 516 517 718 717
515 517 518 719 718
516 518 519 720 719
517 519 520 721 720
518 520 521 722 721
519 521 522 723 722
520 522 523 724 723
521 523 524 725 724
522 524 525 726 725
523 525 526 727 726
524 526 527 728 727
525 527 528 729 728
526 528 529 730 729
527 529 530 731 730
528 530 531 732 731
529 531 532 733 732
530 532 533 734 733
531 533 534 735 734
532 534 535 736 735
533 535 536 737 736
534 536 537 738 737
535 537 538 739 738
536 538 539 740 739
537 539 540 741 740
538 540 541 742 741
539 541 542 743 742
540 542 543 744 743
541 543 544 745 744
542 544 545 746 745
543 545 546 747 746
544 546 547 748 747
545 547 548 749 748
546 548 549 750 749
547 549 550 751 750
548 550 551 752 751
549 551 552 753 752
550 552 553 754 753
551 553 554 755 754
552 554 555 756 755
553 555 556 757 756
554 556 557 758 757
555 557 558 759 758
556 558 559 760 759
557 559 560 761 760
558 560 561 762 761
559 561 562 763 762
560 562 563 764 763
561 563 564 765 764
562 564 565 766 765
563 565 566 767 766
564 566 567 768 767
565 567 568 769 768
566 568 569 770 769
567 569 570 771 770
568 570 571 772 771
569 571 572 773 772
570 572 573 774 773
571 573 574 775 774
572 574 575 776 775
573 575 576 777 776
574 576 577 778 777
575 577 578 779 778
576 578 579 780 779
577 579 580 781 780
578 580 581 782 781
579 581 582 783 782
580 582 583 784 783
581 583 584 785 784
582 584 585 786 785
583 585 586 787 786
584 586 587 788 787
585 587 588 789 788
586 588 589 790 789
587 589 590 791 790
588 590 591 792 791
589 591 592 793 792
590 592 593 794 793
591 593 594 795 794
592 594 595 796 795
593 595 596 797 796
594 596 597 798 797
595 597 598 799 798
596 598 599 800 799
597 599 600 801 800
598 600 601 802 801
599 601 602 803 802
600 603 604 805 804
601 604 605 806 805
602 605 606 807 806
603 606 607 808 807
604 607 608 809 808
605 608 609 810 809
606 609 610 811 810
607 610 611 812 811
608 611 612 813 812
609 612 613 814 813
610 613 614 815 814
611 614 615 816 815
612 615 616 817 816
613 616 617 818 817
614 617 618 819 818
615 618 619 820 819
616 619 620 821 820
617 620 621 822 821
618 621 622 823 822
619 622 623 824 823
620 623 624 825 824
621 624 625 826 825
622 625 626 827 826
623 626 627 828 827
624 627 628 829 828
625 628 629 830 829
626 629 630 831 830
627 630 631 832 831
628 631 632 833 832
629 632 633 834 833
630 633 634 835 834
631 634 635 836 835
632 635 636 837 836
633 636 637 838 837
634 637 638 839 838
635 638 639 840 839
636 639 640 841 840
637 640 641 842 841
638 641 642 843 842
639 642 643 844 843
640 643 644 845 844
641 644 645 846 845
642 645 646 847 846
643 646 647 848 847
644 647 648 849 848
645 648 649 850 849
646 649 650 851 850
647 650 651 852 851
648 651 652 853 852
649 652 653 854 853
650 653 654 855 854
651 654 655 856 855
652 655 656 857 856
653 656 657 858 857
654 657 658 859 858
655 658 659 860 859
656 659 660 861 860
657 660 661 862 861
658 661 662 863 862
659 662 663 864 863
660 663 664 865 864
661 664 665 866 865
662 665 666 867 866
663 666 667 868 867
664 667 668 869 868
665 668 669 870 869
666 669 670 871 870
667 670 671 872 871
668 671 672 873 872
669 672 673 874 873
670 673 674 875 874
671 674 675 876 875
672 675 676 877 876
673 676 677 878 877
674 677 678 879 878
675 678 679 880 879
676 679 680 881 880
677 680 681 882 881
678 681 682 883 882
679 682 683 884 883
680 683 684 885 884
681 684 685 886 885
682 685 686 887 886
683 686 687 888 887
684 687 688 889 888
685 688 689 890 889
686 689 690 891 890
687 690 691 892 891
688 691 692 893 892
689 692 693 894 893
690 693 694 895 894
691 694 695 896 895
692 695 696 897 896
693 696 697 898 897
694 697 698 899 898
695 698 699 900 899
696 699 700 901 900
697 700 701 902 901
698 701 702 903 902
699 702 703 904 903
700 703 704 905 904
701 704 705 906 905
702 705 706 907 906
703 706 707 908 907
704 707 708 909 908
705 708 709 910 909
706 709 710 911 910
707 710 711 912 911
708 711 712 913 912
709 712 713 914 913
710 713 714 915 914
711 714 715 916 915
712 715 716 917 916
713 716 717 918 917
714 717 718 919 918
715 718 719 920 919
716 719 720 921 920
717 720 721 922 921
718 721 722 923 922
719 722 723 924 923
720 723 724 925 924
721 724 725 926 925
722 725 726 927 926
723 726 727 928 927
724 727 728 929 928
725 728 729 930 929
726 729 730 931 930
727 730 731 932 931
728 731 732 933 932
729 732 733 934 933
730 733 734 935 934
731 734 735 936 935
732 735 736 937 936
733 736 737 938 937
734 737 738 939 938
735 738 739 940 939
736 739 740 941 940
737 740 741 942 941
738 741 742 943 942
739 742 743 944 943
740 743 744 945 944
741 744 745 946 945
742 745 746 947 946
743 746 747 948 947
744 747 748 949 948
745 748 749 950 949
746 749 750 951 950
747 750 751 952 951
748 751 752 953 952
749 752 753 954 953
750 753 754 955 954
751 754 755 956 955
752 755 756 957 956
753 756 757 958 957
754 757 758 959 958
755 758 759 960 959
756 759 760 961 960
757 760 761 962 961
758 761 762 963 962
759 762 763 964 963
760 763 764 965 964
761 764 765 966 965
762 765 766 967 966
763 766 767 968 967
764 767 768 969 968
765 768 769 970 969
766 769 770 971 970
767 770 771 972 971
768 771 772 973 972
769 772 773 974 973
770 773 774 975 974
771 774 775 976 975
772 775 776 977 976
773 776 777 978 977
774 777 778 979 978
775 778 779 980 979
776 779 780 981 980
777 780 781 982 981
778 781 782 983 982
779 782 783 984 983
780 783 784 985 984
781 784 785 986 985
782 785 786 987 986
783 786 787 988 987
784 787 788 989 988
785 788 789 990 989
786 789 790 991 990
787 790 791 992 991
788 791 792 993 992
789 792 793 994 993
790 793 794 995 994
791 794 795 996 995
792 795 796 997 996
793 796 797 998 997
794 797 798 999 998
795 798 799 1000 999
796 799 800 1001 1000
797 800 801 1002 1001
798 801 802 1003 1002
799 802 803 1004 1003
800 804 805 1006 1005
801 805 806 1007 1006
802 806 807 1008 1007
803 807 808 1009 1008
804 808 809 1010 1009
805 809 810 1011 1010
806 810 811 1012 1011
807 811 812 1013 1012
808 812 813 1014 1013
809 813 814 1015 1014
810 814 815 1016 1015
811 815 816 1017 1016
812 816 817 1018 1017
813 817 818 1019 1018
814 818 819 1020 1019
815 819 820 1021 1020
816 820 821 1022 1021
817 821 822 1023 1022
818 822 823 1024 1023
819 823 824 1025 1024
820 824 825 1026 1025
821 825 826 1027 1026
822 826 827 1028 1027
823 827 828 1029 1028
824 828 829 1030 1029
825 829 830 1031 1030
826 830 831 1032 1031
827 831 832 1033 1032
828 832 833 1034 1033
829 833 834 1035 1034
830 834 835 1036 1035
831 835 836 1037 1036
832 836 837 1038 1037
833 837 838 1039 1038
834 838 839 1040 1039
835 839 840 1041 1040
836 840 841 1042 1041
837 841 842 1043 1042
838 842 843 1044 1043
839 843 844 1045 1044
840 844 845 1046 1045
841 845 846 1047 1046
842 846 847 1048 1047
843 847 848 1049 1048
844 848 849 1050 1049
845 849 850 1051 1050
846 850 851 1052 1051
847 851 852 1053 1052
848 852 853 1054 1053
849 853 854 1055 1054
850 854 855 1056 1055
851 855 856 1057 1056
852 856 857 1058 1057
853 857 858 1059 1058
854 858 859 1060 1059
855 859 860 1061 1060
856 860 861 1062 1061
857 861 862 1063 1062
858 862 863 1064 1063
859 863 864 1065 1064
860 864 865 1066 1065
861 865 866 1067 1066
862 866 867 1068 1067
863 867 868 1069 1068
864 868 869 1070 1069
865 869 870 1071 1070
866 870 871 1072 1071
867 871 872 1073 1072
868 872 873 1074 1073
869 873 874 1075 1074
870 874 875 1076 1075
871 875 876 1077 1076
872 876 877 1078 1077
873 877 878 1079 1078
874 878 879 1080 1079
875 879 880 1081 1080
876 880 881 1082 1081
877 881 882 1083 1082
878 882 883 1084 1083
879 883 884 1085 1084
880 884 885 1086 1085
881 885 886 1087 1086
882 886 887 1088 1087
883 887 888 1089 1088
884 888 889 1090 1089
885 889 890 1091 1090
886 890 891 1092 1091
887 891 892 1093 1092
888 892 893 1094 1093
889 893 894 1095 1094
890 894 895 1096 1095
891 895 896 1097 1096
892 896 897 1098 1097
893 897 898 1099 1098
894 898 899 1100 1099
895 899 900 1101 1100
896 900 901 1102 1101
897 901 902 1103 1102
898 902 903 1104 1103
899 903 904 1105 1104
900 904 905 1106 1105
901 905 906 1107 1106
902 906 907 1108 1107
903 907 908 1109 1108
904 908 909 1110 1109
905 909 910 1111 1110
906 910 911 1112 1111
907 911 912 1113 1112
908 912 913 1114 1113
909 913 914 1115 1114
910 914 915 1116 1115
911 915 916 1117 1116
912 916 917 1118 1117
913 917 918 1119 1118
914 918 919 1120 1119
915 919 920 1121 1120
916 920 921 1122 1121
917 921 922 1123 1122
918 922 923 1124 1123
919 923 924 1125 1124
920 924 925 1126 1125
921 925 926 1127 1126
922 926 927 1128 1127
923 927 928 1129 1128
924 928 929 1130 1129
925 929 930 1131 1130
926 930 931 1132 1131
927 931 932 1133 1132
928 932 933 1134 1133
929 933 934 1135 1134
930 934 935 1136 1135
931 935 936 1137 1136
932 936 937 1138 1137
933 937 938 1139 1138
934 938 939 1140 1139
935 939 940 1141 1140
936 940 941 1142 1141
937 941 942 1143 1142
938 942 943 1144 1143
939 943 944 1145 1144
940 944 945 1146 1145
941 945 946 1147 1146
942 946 947 1148 1147
943 947 948 1149 1148
944 948 949 1150 1149
945 949 950 1151 1150
946 950 951 1152 1151
947 951 952 1153 1152
948 952 953 1154 1153
949 953 954 1155 1154
950 954 955 1156 1155
951 955 956 1157 1156
952 956 957 1158 1157
953 957 958 1159 1158
954 958 959 1160 1159
955 959 960 1161 1160
956 960 961 1162 1161
957 961 962 1163 1162
958 962 963 1164 1163
959 963 964 1165 1164
960 964 965 1166 1165
961 965 966 1167 1166
962 966 967 1168 1167
963 967 968 1169 1168
964 968 969 1170 1169
965 969 970 1171 1170
966 970 971 1172 1171
967 971 972 1173 1172
968 972 973 1174 1173
969 973 974 1175 1174
970 974 975 1176 1175
971 975 976 1177 1176
972 976 977 1178 1177
973 977 978 1179 1178
974 978 979 1180 1179
975 979 980 1181 1180
976 980 981 1182 1181
977 981 982 1183 1182
978 982 983 1184 1183
979 983 984 1185 1184
980 984 985 1186 1185
981 985 986 1187 1186
982 986 987 1188 1187
983 987 988 1189 1188
984 988 989 1190 1189
985 989 990 1191 1190
986 990 991 1192 1191
987 991 992 1193 1192
988 992 993 1194 1193
989 993 994 1195 1194
990 994 995 1196 1195
991 995 996 1197 1196
992 996 997 1198 1197
993 997 998 1199 1198
994 998 999 1200 1199
995 999 1000 1201 1200
996 1000 1001 1202 1201
997 1001 1002 1203 1202
998 1002 1003 1204 1203
999 1003 1004 1205 1204
1000 1005 1006 1207 1206
1001 1006 1007 1208 1207
1002 1007 1008 1209 1208
1003 1008 1009 1210 1209
1004 1009 1010 1211 1210
1005 1010 1011 1212 1211
1006 1011 1012 1213 1212
1007 1012 1013 1214 1213
1008 1013 1014 1215 1214
1009 1014 1015 1216 1215
1010 1015 1016 1217 1216
1011 1016 1017 1218 1217
1012 1017 1018 1219 1218
1013 1018 1019 1220 1219
1014 1019 1020 1221 1220
1015 1020 1021 1222 1221
1016 1021 1022 1223 1222
1017 1022 1023 1224 1223
1018 1023 1024 1225 1224
1019 1024 1025 1226 1225
1020 1025 1026 1227 1226
1021 1026 1027 1228 1227
1022 1027 1028 1229 1228
1023 1028 1029 1230 1229
1024 1029 1030 1231 1230
1025 1030 1031 1232 1231
1026 1031 1032 1233 1232
1027 1032 1033 1234 1233
1028 1033 1034 1235 1234
1029 1034 1035 1236 1235
1030 1035 1036 1237 1236
1031 1036 1037 1238 1237
1032 1037 1038 1239 1238
1033 1038 1039 1240 1239
1034 1039 1040 1241 1240
1035 1040 1041 1242 1241
1036 1041 1042 1243 1242
1037 1042 1043 1244 1243
1038 1043 1044 1245 1244
1039 1044 1045 1246 1245
1040 1045 1046 1247 1246
1041 1046 1047 1248 1247
1042 1047 1048 1249 1248
1043 1048 1049 1250 1249
1044 1049 1050 1251 1250
1045 1050 1051 1252 1251
1046 1051 1052 1253 1252
1047 1052 1053 1254 1253
1048 1053 1054 1255 1254
1049 1054 1055 1256 1255
1050 1055 1056 1257 1256
1051 1056 1057 1258 1257
1052 1057 1058 1259 1258
1053 1058 1059 1260 1259
1054 1059 1060 1261 1260
1055 1060 1061 1262 1261
1056 1061 1062 1263 1262
1057 1062 1063 1264 1263
1058 1063 1064 1265 1264
1059 1064 1065 1266 1265
1060 1065 1066 1267 1266
1061 1066 1067 1268 1267
1062 1067 1068 1269 1268
1063 1068 1069 1270 1269
1064 1069 1070 1271 1270
1065 1070 1071 1272 1271
1066 1071 1072 1273 1272
1067 1072 1073 1274 1273
1068 1073 1074 1275 1274
1069 1074 1075 1276 1275
1070 1075 1076 1277 1276
1071 1076 1077 1278 1277
1072 1077 1078 1279 1278
1073 1078 1079 1280 1279
1074 1079 1080 1281 1280
1075 1080 1081 1282 1281
1076 1081 1082 1283 1282
1077 1082 1083 1284 1283
1078 1083 1084 1285 1284
1079 1084 1085 1286 1285
1080 1085 1086 1287 1286
1081 1086 1087 1288 1287
1082 1087 1088 1289 1288
1083 1088 1089 1290 1289
1084 1089 1090 1291 1290
1085 1090 1091 1292 1291
1086 1091 1092 1293 1292
1087 1092 1093 1294 1293
1088 1093 1094 1295 1294
1089 1094 1095 1296 1295
1090 1095 1096 1297 1296
1091 1096 1097 1298 1297
1092 1097 1098 1299 1298
1093 1098 1099 1300 1299
1094 1099 1100 1301 1300
1095 1100 1101 1302 1301
1096 1101 1102 1303 1302
1097 1102 1103 1304 1303
1098 1103 1104 1305 1304
1099 1104 1105 1306 1305
1100 1105 1106 1307 1306
1101 1106 1107 1308 1307
1102 1107 1108 1309 1308
1103 1108 1109 1310 1309
1104 1109 1110 1311 1310
1105 1110 1111 1312 1311
1106 1111 1112 1313 1312
1107 1112 1113 1314 1313
1108 1113 1114 1315 1314
1109 1114 1115 1316 1315
1110 1115 1116 1317 1316
1111 1116 1117 1318 1317
1112 1117 1118 1319 1318
1113 1118 1119 1320 1319
1114 1119 1120 1321 1320
1115 1120 1121 1322 1321
1116 1121 1122 1323 1322
1117 1122 1123 1324 1323
1118 1123 1124 1325 1324
1119 1124 1125 1326 1325
1120 1125 1126 1327 1326
1121 1126 1127 1328 1327
1122 1127 1128 1329 1328
1123 1128 1129 1330 1329
1124 1129 1130 1331 1330
1125 1130 1131 1332 1331
1126 1131 1132 1333 1332
1127 1132 1133 1334 1333
1128 1133 1134 1335 1334
1129 1134 1135 1336 1335
1130 1135 1136 1337 1336
1131 1136 1137 1338 1337
1132 1137 1138 1339 1338
1133 1138 1139 1340 1339
1134 1139 1140 1341 1340
1135 1140 1141 1342 1341
1136 1141 1142 1343 1342
1137 1142 1143 1344 1343
1138 1143 1144 1345 1344
1139 1144 1145 1346 1345
1140 1145 1146 1347 1346
1141 1146 1147 1348 1347
1142 1147 1148 1349 1348
1143 1148 1149 1350 1349
1144 1149 1150 1351 1350
1145 1150 1151 1352 1351
1146 1151 1152 1353 1352
1147 1152 1153 1354 1353
1148 1153 1154 1355 1354
1149 1154 1155 1356 1355
1150 1155 1156 1357 1356
1151 1156 1157 1358 1357
1152 1157 1158 1359 1358
1153 1158 1159 1360 1359
1154 1159 1160 1361 1360
1155 1160 1161 1362 1361
1156 1161 1162 1363 1362
1157 1162 1163 1364 1363
1158 1163 1164 1365 1364
1159 1164 1165 1366 1365
1160 1165 1166 1367 1366
1161 1166 1167 1368 1367
1162 1167 1168 1369 1368
1163 1168 1169 1370 1369
1164 1169 1170 1371 1370
1165 1170 1171 1372 1371
1166 1171 1172 1373 1372
1167 1172 1173 1374 1373
1168 1173 1174 1375 1374
1169 1174 1175 1376 1375
1170 1175 1176 1377 1376
1171 1176 1177 1378 1377
1172 1177 1178 1379 1378
1173 1178 1179 1380 1379
1174 1179 1180 1381 1380
1175 1180 1181 1382 1381
1176 1181 1182 1383 1382
1177 1182 1183 1384 1383
1178 1183 1184 1385 1384
1179 1184 1185 1386 1385
1180 1185 1186 1387 1386
1181 1186 1187 1388 1387
1182 1187 1188 1389 1388
1183 1188 1189 1390 1389
1184 1189 1190 1391 1390
1185 1190 1191 1392 1391
1186 1191 1192 1393 1392
1187 1192 1193 1394 1393
1188 1193 1194 1395 1394
1189 1194 1195 1396 1395
1190 1195 1196 1397 1396
1191 1196 1197 1398 1397
1192 1197 1198 1399 1398
1193 1198 1199 1400 1399
1194 1199 1200 1401 1400
1195 1200 1201 1402 1401
1196 1201 1202 1403 1402
1197 1202 1203 1404 1403
1198 1203 1204 1405 1404
1199 1204 1205 1406 1405
1200 1206 1207 1408 1407
1201 1207 1208 1409 1408
1202 1208 1209 1410 1409
1203 1209 1210 1411 1410
1204 1210 1211 1412 1411
1205 1211 1212 1413 1412
1206 1212 1213 1414 1413
1207 1213 1214 1415 1414
1208 1214 1215 1416 1415
1209 1215 1216 1417 1416
1210 1216 1217 1418 1417
1211 1217 1218 1419 1418
1212 1218 1219 1420 1419
1213 1219 1220 1421 1420
1214 1220 1221 1422 1421
1215 1221 1222 1423 1422
1216 1222 1223 1424 1423
1217 1223 1224 1425 1424
1218 1224 1225 1426 1425
1219 1225 1226 1427 1426
1220 1226 1227 1428 1427
1221 1227 1228 1429 1428
1222 1228 1229 1430 1429
1223 1229 1230 1431 1430
1224 1230 1231 1432 1431
1225 1231 1232 1433 1432
1226 1232 1233 1434 1433
1227 1233 1234 1435 1434
1228 1234 1235 1436 1435
1229 1235 1236 1437 1436
1230 1236 1237 1438 1437
1231 1237 1238 1439 1438
1232 1238 1239 1440 1439
1233 1239 1240 1441 1440
1234 1240 1241 1442 1441
1235 1241 1242 1443 1442
1236 1242 1243 1444 1443
1237 1243 1244 1445 1444
1238 1244 1245 1446 1445
1239 1245 1246 1447 1446
1240 1246 1247 1448 1447
1241 1247 1248 1449 1448
1242 1248 1249 1450 1449
1243 1249 1250 1451 1450
1244 1250 1251 1452 1451
1245 1251 1252 1453 1452
1246 1252 1253 1454 1453
1247 1253 1254 1455 1454
1248 1254 1255 1456 1455
1249 1255 1256 1457 1456
1250 1256 1257 1458 1457
1251 1257 1258 1459 1458
1252 1258 1259 1460 1459
1253 1259 1260 1461 1460
1254 1260 1261 1462 1461
1255 1261 1262 1463 1462
1256 1262 1263 1464 1463
1257 1263 1264 1465 1464
1258 1264 1265 1466 1465
1259 1265 1266 1467 1466
1260 1266 1267 1468 1467
1261 1267 1268 1469 1468
1262 1268 1269 1470 1469
1263 1269 1270 1471 1470
1264 1270 1271 1472 1471
1265 1271 1272 1473 1472
1266 1272 1273 1474 1473
1267 1273 1274 1475 1474
1268 1274 1275 1476 1475
1269 1275 1276 1477 1476
1270 1276 1277 1478 1477
1271 1277 1278 1479 1478
1272 1278 1279 1480 1479
1273 1279 1280 1481 1480
1274 1280 1281 1482 1481
1275 1281 1282 1483 1482
1276 1282 1283 1484 1483
1277 1283 1284 1485 1484
1278 1284 1285 1486 1485
1279 1285 1286 1487 1486
1280 1286 1287 1488 1487
1281 1287 1288 1489 1488
1282 1288 1289 1490 1489
1283 1289 1290 1491 1490
1284 1290 1291 1492 1491
1285 1291 1292 1493 1492
1286 1292 1293 1494 1493
1287 1293 1294 1495 1494
1288 1294 1295 1496 1495
1289 1295 1296 1497 1496
1290 1296 1297 1498 1497
1291 1297 1298 1499 1498
1292 1298 1299 1500 1499
1293 1299 1300 1501 1500
1294 1300 1301 1502 1501
1295 1301 1302 1503 1502
1296 1302 1303 1504 1503
1297 1303 1304 1505 1504
1298 1304 1305 1506 1505
1299 1305 1306 1507 1506
1300 1306 1307 1508 1507
1301 1307 1308 1509 1508
1302 1308 1309 1510 1509
1303 1309 1310 1511 1510
1304 1310 1311 1512 1511
1305 1311 1312 1513 1512
1306 1312 1313 1514 1513
1307 1313 1314 1515 1514
1308 1314 1315 1516 1515
1309 1315 1316 1517 1516
1310 1316 1317 1518 1517
1311 1317 1318 1519 1518
1312 1318 1319 1520 1519
1313 1319 1320 1521 1520
1314 1320 1321 1522 1521
1315 1321 1322 1523 1522
1316 1322 1323 1524 1523
1317 1323 1324 1525 1524
1318 1324 1325 1526 1525
1319 1325 1326 1527 1526
1320 1326 1327 1528 1527
1321 1327 1328 1529 1528
1322 1328 1329 1530 1529
1323 1329 1330 1531 1530
1324 1330 1331 1532 1531
1325 1331 1332 1533 1532
1326 1332 1333 1534 1533
1327 1333 1334 1535 1534
1328 1334 1335 1536 1535
1329 1335 1336 1537 1536
1330 1336 1337 1538 1537
1331 1337 1338 1539 1538
1332 1338 1339 1540 1539
1333 1339 1340 1541 1540
1334 1340 1341 1542 1541
1335 1341 1342 1543 1542
1336 1342 1343 1544 1543
1337 1343 1344 1545 1544
1338 1344 1345 1546 1545
1339 1345 1346 1547 1546
1340 1346 1347 1548 1547
1341 1347 1348 1549 1548
1342 1348 1349 1550 1549
1343 1349 1350 1551 1550
1344 1350 1351 1552 1551
1345 1351 1352 1553 1552
1346 1352 1353 1554 1553
1347 1353 1354 1555 1554
1348 1354 1355 1556 1555
1349 1355 1356 1557 1556
1350 1356 1357 1558 1557
1351 1357 1358 1559 1558
1352 1358 1359 1560 1559
1353 1359 1360 1561 1560
1354 1360 1361 1562 1561
1355 1361 1362 1563 1562
1356 1362 1363 1564 1563
1357 1363 1364 1565 1564
1358 1364 1365 1566 1565
1359 1365 1366 1567 1566
1360 1366 1367 1568 1567
1361 1367 1368 1569 1568
1362 1368 1369 1570 1569
1363 1369 1370 1571 1570
1364 1370 1371 1572 1571
1365 1371 1372 1573 1572
1366 1372 1373 1574 1573
1367 1373 1374 1575 1574
1368 1374 1375 1576 1575
1369 1375 1376 1577 1576
1370 1376 1377 1578 1577
1371 1377 1378 1579 1578
1372 1378 1379 1580 1579
1373 1379 1380 1581 1580
1374 1380 1381 1582 1581
1375 1381 1382 1583 1582
1376 1382 1383 1584 1583
1377 1383 1384 1585 1584
1378 1384 1385 1586 1585
1379 1385 1386 1587 1586
1380 1386 1387 1588 1587
1381 1387 1388 1589 1588
1382 1388 1389 1590 1589
1383 1389 1390 1591 1590
1384 1390 1391 1592 1591
1385 1391 1392 1593 1592
1386 1392 1393 1594 1593
1387 1393 1394 1595 1594
1388 1394 1395 1596 1595
1389 1395 1396 1597 1596
1390 1396 1397 1598 1597
1391 1397 1398 1599 1598
1392 1398 1399 1600 1599
1393 1399 1400 1601 1600
1394 1400 1401 1602 1601
1395 1401 1402 1603 1602
1396 1402 1403 1604 1603
1397 1403 1404 1605 1604
1398 1404 1405 1606 1605
1399 1405 1406 1607 1606
1400 1407 1408 1609 1608
1401 1408 1409 1610 1609
1402 1409 1410 1611 1610
1403 1410 1411 1612 1611
1404 1411 1412 1613 1612
1405 1412 1413 1614 1613
1406 1413 1414 1615 1614
1407 1414 1415 1616 1615
1408 1415 1416 1617 1616
1409 1416 1417 1618 1617
1410 1417 1418 1619 1618
1411 1418 1419 1620 1619
1412 1419 1420 1621 1620
1413 1420 1421 1622 1621
1414 1421 1422 1623 1622
1415 1422 1423 1624 1623
1416 1423 1424 1625 1624
1417 1424 1425 1626 1625
1418 1425 1426 1627 1626
1419 1426 1427 1628 1627
1420 1427 1428 1629 1628
1421 1428 1429 1630 1629
1422 1429 1430 1631 1630
1423 1430 1431 1632 1631
1424 1431 1432 1633 1632
1425 1432 1433 1634 1633
1426 1433 1434 1635 1634
1427 1434 1435 1636 1635
1428 1435 1436 1637 1636
1429 1436 1437 1638 1637
1430 1437 1438 1639 1638
1431 1438 1439 1640 1639
1432 1439 1440 1641 1640
1433 1440 1441 1642 1641
1434 1441 1442 1643 1642
1435 1442 1443 1644 1643
1436 1443 1444 1645 1644
1437 1444 1445 1646 1645
1438 1445 1446 1647 1646
1439 1446 1447 1648 1647
1440 1447 1448 1649 1648
1441 1448 1449 1650 1649
1442 1449 1450 1651 1650
1443 1450 1451 1652 1651
1444 1451 1452 1653 1652
1445 1452 1453 1654 1653
1446 1453 1454 1655 1654
1447 1454 1455 1656 1655
1448 1455 1456 1657 1656
1449 1456 1457 1658 1657
1450 1457 1458 1659 1658
1451 1458 1459 1660 1659
1452 1459 1460 1661 1660
1453 1460 1461 1662 1661
1454 1461 1462 1663 1662
1455 1462 1463 1664 1663
1456 1463 1464 1665 1664
1457 1464 1465 1666 1665
1458 1465 1466 1667 1666
1459 1466 1467 1668 1667
1460 1467 1468 1669 1668
1461 1468 1469 1670 1669
1462 1469 1470 1671 1670
1463 1470 1471 1672 1671
1464 1471 1472 1673 1672
1465 1472 1473 1674 1673
1466 1473 1474 1675 1674
1467 1474 1475 1676 1675
1468 1475 1476 1677 1676
1469 1476 1477 1678 1677
1470 1477 1478 1679 1678
1471 1478 1479 1680 1679
1472 1479 1480 1681 1680
1473 1480 1481 1682 1681
1474 1481 1482 1683 1682
1475 1482 1483 1684 1683
1476 1483 1484 1685 1684
1477 1484 1485 1686 1685
1478 1485 1486 1687 1686
1479 1486 1487 1688 1687
1480 1487 1488 1689 1688
1481 1488 1489 1690 1689
1482 1489 1490 1691 1690
1483 1490 1491 1692 1691
1484 1491 1492 1693 1692
1485 1492 1493 1694 1693
1486 1493 1494 1695 1694
1487 1494 1495 1696 1695
1488 1495 1496 1697 1696
1489 1496 1497 1698 1697
1490 1497 1498 1699 1698
1491 1498 1499 1700 1699
1492 1499 1500 1701 1700
1493 1500 1501 1702 1701
1494 1501 1502 1703 1702
1495 1502 1503 1704 1703
1496 1503 1504 1705 1704
1497 1504 1505 1706 1705
1498 1505 1506 1707 1706
1499 1506 1507 1708 1707
1500 1507 1508 1709 1708
1501 1508 1509 1710 1709
1502 1509 1510 1711 1710
1503 1510 1511 1712 1711
1504 1511 1512 1713 1712
1505 1512 1513 1714 1713
1506 1513 1514 1715 1714
1507 1514 1515 1716 1715
1508 1515 1516 1717 1716
1509 1516 1517 1718 1717
1510 1517 1518 1719 1718
1511 1518 1519 1720 1719
1512 1519 1520 1721 1720
1513 1520 1521 1722 1721
1514 1521 1522 1723 1722
1515 1522 1523 1724 1723
1516 1523 1524 1725 1724
1517 1524 1525 1726 1725
1518 1525 1526 1727 1726
1519 1526 1527 1728 1727
1520 1527 1528 1729 1728
1521 1528 1529 1730 1729
1522 1529 1530 1731 1730
1523 1530 1531 1732 1731
1524 1531 1532 1733 1732
1525 1532 1533 1734 1733
1526 1533 1534 1735 1734
1527 1534 1535 1736 1735
1528 1535 1536 1737 1736
1529 1536 1537 1738 1737
1530 1537 1538 1739 1738
1531 1538 1539 1740 1739
1532 1539 1540 1741 1740
1533 1540 1541 1742 1741
1534 1541 1542 1743 1742
1535 1542 1543 1744 1743
1536 1543 1544 1745 1744
1537 1544 1545 1746 1745
1538 1545 1546 1747 1746
1539 1546 1547 1748 1747
1540 1547 1548 1749 1748
1541 1548 1549 1750 1749
1542 1549 1550 1751 1750
1543 1550 1551 1752 1751
1544 1551 1552 1753 1752
1545 1552 1553 1754 1753
1546 1553 1554 1755 1754
1547 1554 1555 1756 1755
1548 1555 1556 1757 1756
1549 1556 1557 1758 1757
1550 1557 1558 1759 1758
1551 1558 1559 1760 1759
1552 1559 1560 1761 1760
1553 1560 1561 1762 1761
1554 1561 1562 1763 1762
1555 1562 1563 1764 1763
1556 1563 1564 1765 1764
1557 1564 1565 1766 1765
1558 1565 1566 1767 1766
1559 1566 1567 1768 1767
1560 1567 1568 1769 1768
1561 1568 1569 1770 1769
1562 1569 1570 1771 1770
1563 1570 1571 1772 1771
1564 1571 1572 1773 1772
1565 1572 1573 1774 1773
1566 1573 1574 1775 1774
1567 1574 1575 1776 1775
1568 1575 1576 1777 1776
1569 1576 1577 1778 1777
1570 1577 1578 1779 1778
1571 1578 1579 1780 1779
1572 1579 1580 1781 1780
1573 1580 1581 1782 1781
1574 1581 1582 1783 1782
1575 1582 1583 1784 1783
1576 1583 1584 1785 1784
1577 1584 1585 1786 1785
1578 1585 1586 1787 1786
1579 1586 1587 1788 1787
1580 1587 1588 1789 1788
1581 1588 1589 1790 1789
1582 1589 1590 1791 1790
1583 1590 1591 1792 1791
1584 1591 1592 1793 1792
1585 1592 1593 1794 1793
1586 1593 1594 1795 1794
1587 1594 1595 1796 1795
1588 1595 1596 1797 1796
1589 1596 1597 1798 1797
1590 1597 1598 1799 1798
1591 1598 1599 1800 1799
1592 1599 1600 1801 1800
1593 1600 1601 1802 1801
1594 1601 1602 1803 1802
1595 1602 1603 1804 1803
1596 1603 1604 1805 1804
1597 1604 1605 1806 1805
1598 1605 1606 1807 1806
1599 1606 1607 1808 1807
1600 1608 1609 1810 1809
1601 1609 1610 1811 1810
1602 1610 1611 1812 1811
1603 1611 1612 1813 1812
1604 1612 1613 1814 1813
1605 1613 1614 1815 1814
1606 1614 1615 1816 1815
1607 1615 1616 1817 1816
1608 1616 1617 1818 1817
1609 1617 1618 1819 1818
1610 1618 1619 1820 1819
1611 1619 1620 1821 1820
1612 1620 1621 1822 1821
1613 1621 1622 1823 1822
1614 1622 1623 1824 1823
1615 1623 1624 1825 1824
1616 1624 1625 1826 1825
1617 1625 1626 1827 1826
1618 1626 1627 1828 1827
1619 1627 1628 1829 1828
1620 1628 1629 1830 1829
1621 1629 1630 1831 1830
1622 1630 1631 1832 1831
1623 1631 1632 1833 1832
1624 1632 1633 1834 1833
1625 1633 1634 1835 1834
1626 1634 1635 1836 1835
1627 1635 1636 1837 1836
1628 1636 1637 1838 1837
1629 1637 1638 1839 1838
1630 1638 1639 1840 1839
1631 1639 1640 1841 1840
1632 1640 1641 1842 1841
1633 1641 1642 1843 1842
1634 1642 1643 1844 1843
1635 1643 1644 1845 1844
1636 1644 1645 1846 1845
1637 1645 1646 1847 1846
1638 1646 1647 1848 1847
1639 1647 1648 1849 1848
1640 1648 1649 1850 1849
1641 1649 1650 1851 1850
1642 1650 1651 1852 1851
1643 1651 1652 1853 1852
1644 1652 1653 1854 1853
1645 1653 1654 1855 1854
1646 1654 1655 1856 1855
1647 1655 1656 1857 1856
1648 1656 1657 1858 1857
1649 1657 1658 1859 1858
1650 1658 1659 1860 1859
1651 1659 1660 1861 1860
1652 1660 1661 1862 1861
1653 1661 1662 1863 1862
1654 1662 1663 1864 1863
1655 1663 1664 1865 1864
1656 1664 1665 1866 1865
1657 1665 1666 1867 1866
1658 1666 1667 1868 1867
1659 1667 1668 1869 1868
1660 1668 1669 1870 1869
1661 1669 1670 1871 1870
1662 1670 1671 1872 1871
1663 1671 1672 1873 1872
1664 1672 1673 1874 1873
1665 1673 1674 1875 1874
1666 1674 1675 1876 1875
1667 1675 1676 1877 1876
1668 1676 1677 1878 1877
1669 1677 1678 1879 1878
1670 1678 1679 1880 1879
1671 1679 1680 1881 1880
1672 1680 1681 1882 1881
1673 1681 1682 1883 1882
1674 1682 1683 1884 1883
1675 1683 1684 1885 1884
1676 1684 1685 1886 1885
1677 1685 1686 1887 1886
1678 1686 1687 1888 1887
1679 1687 1688 1889 1888
1680 1688 1689 1890 1889
1681 1689 1690 1891 1890
1682 1690 1691 1892 1891
1683 1691 1692 1893 1892
1684 1692 1693 1894 1893
1685 1693 1694 1895 1894
1686 1694 1695 1896 1895
1687 1695 1696 1897 1896
1688 1696 1697 1898 1897
1689 1697 1698 1899 1898
1690 1698 1699 1900 1899
1691 1699 1700 1901 1900
1692 1700 1701 1902 1901
1693 1701 1702 1903 1902
1694 1702 1703 1904 1903
1695 1703 1704 1905 1904
1696 1704 1705 1906 1905
1697 1705 1706 1907 1906
1698 1706 1707 1908 1907
1699 1707 1708 1909 1908
1700 1708 1709 1910 1909
1701 1709 1710 1911 1910
1702 1710 1711 1912 1911
1703 1711 1712 1913 1912
1704 1712 1713 1914 1913
1705 1713 1714 1915 1914
1706 1714 1715 1916 1915
1707 1715 1716 1917 1916
1708 1716 1717 1918 1917
1709 1717 1718 1919 1918
1710 1718 1719 1920 1919
1711 1719 1720 1921 1920
1712 1720 1721 1922 1921
1713 1721 1722 1923 1922
1714 1722 1723 1924 1923
1715 1723 1724 1925 1924
1716 1724 1725 1926 1925
1717 1725 1726 1927 1926
1718 1726 1727 1928 1927
1719 1727 1728 1929 1928
1720 1728 1729 1930 1929
1721 1729 1730 1931 1930
1722 1730 1731 1932 1931
1723 1731 1732 1933 1932
1724 1732 1733 1934 1933
1725 1733 1734 1935 1934
1726 1734 1735 1936 1935
1727 1735 1736 1937 1936
1728 1736 1737 1938 1937
1729 1737 1738 1939 1938
1730 1738 1739 1940 1939
1731 1739 1740 1941 1940
1732 1740 1741 1942 1941
1733 1741 1742 1943 1942
1734 1742 1743 1944 1943
1735 1743 1744 1945 1944
1736 1744 1745 1946 1945
1737 1745 1746 1947 1946
1738 1746 1747 1948 1947
1739 1747 1748 1949 1948
1740 1748 1749 1950 1949
1741 1749 1750 1951 1950
1742 1750 1751 1952 1951
1743 1751 1752 1953 1952
1744 1752 1753 1954 1953
1745 1753 1754 1955 1954
1746 1754 1755 1956 1955
1747 1755 1756 1957 1956
1748 1756 1757 1958 1957
1749 1757 1758 1959 1958
1750 1758 1759 1960 1959
1751 1759 1760 1961 1960
1752 1760 1761 1962 1961
1753 1761 1762 1963 1962
1754 1762 1763 1964 1963
1755 1763 1764 1965 1964
1756 1764 1765 1966 1965
1757 1765 1766 1967 1966
1758 1766 1767 1968 1967
1759 1767 1768 1969 1968
1760 1768 1769 1970 1969
1761 1769 1770 1971 1970
1762 1770 1771 1972 1971
1763 1771 1772 1973 1972
1764 1772 1773 1974 1973
1765 1773 1774 1975 1974
1766 1774 1775 1976 1975
1767 1775 1776 1977 1976
1768 1776 1777 1978 1977
1769 1777 1778 1979 1978
1770 1778 1779 1980 1979
1771 1779 1780 1981 1980
1772 1780 1781 1982 1981
1773 1781 1782 1983 1982
1774 1782 1783 1984 1983
1775 1783 1784 1985 1984
1776 1784 1785 1986 1985
1777 1785 1786 1987 1986
1778 1786 1787 1988 1987
1779 1787 1788 1989 1988
1780 1788 1789 1990 1989
1781 1789 1790 1991 1990
1782 1790 1791 1992 1991
1783 1791 1792 1993 1992
1784 1792 1793 1994 1993
1785 1793 1794 1995 1994
1786 1794 1795 1996 1995
1787 1795 1796 1997 1996
1788 1796 1797 1998 1997
1789 1797 1798 1999 1998
1790 1798 1799 2000 1999
1791 1799 1800 2001 2000
1792 1800 1801 2002 2001
1793 1801 1802 2003 2002
1794 1802 1803 2004 2003
1795 1803 1804 2005 2004
1796 1804 1805 2006 2005
1797 1805 1806 2007 2006
1798 1806 1807 2008 2007
1799 1807 1808 2009 2008
1800 1809 1810 2011 2010
1801 1810 1811 2012 2011
1802 1811 1812 2013 2012
1803 1812 1813 2014 2013
1804 1813 1814 2015 2014
1805 1814 1815 2016 2015
1806 1815 1816 2017 2016
1807 1816 1817 2018 2017
1808 1817 1818 2019 2018
1809 1818 1819 2020 2019
1810 1819 1820 2021 2020
1811 1820 1821 2022 2021
1812 1821 1822 2023 2022
1813 1822 1823 2024 2023
1814 1823 1824 2025 2024
1815 1824 1825 2026 2025
1816 1825 1826 2027 2026
1817 1826 1827 2028 2027
1818 1827 1828 2029 2028
1819 1828 1829 2030 2029
1820 1829 1830 2031 2030
1821 1830 1831 2032 2031
1822 1831 1832 2033 2032
1823 1832 1833 2034 2033
1824 1833 1834 2035 2034
1825 1834 1835 2036 2035
1826 1835 1836 2037 2036
1827 1836 1837 2038 2037
1828 1837 1838 2039 2038
1829 1838 1839 2040 2039
1830 1839 1840 2041 2040
1831 1840 1841 2042 2041
1832 1841 1842 2043 2042
1833 1842 1843 2044 2043
1834 1843 1844 2045 2044
1835 1844 1845 2046 2045
1836 1845 1846 2047 2046
1837 1846 1847 2048 2047
1838 1847 1848 2049 2048
1839 1848 1849 2050 2049
1840 1849 1850 2051 2050
1841 1850 1851 2052 2051
1842 1851 1852 2053 2052
1843 1852 1853 2054 2053
1844 1853 1854 2055 2054
1845 1854 1855 2056 2055
1846 1855 1856 2057 2056
1847 1856 1857 2058 2057
1848 1857 1858 2059 2058
1849 1858 1859 2060 2059
1850 1859 1860 2061 2060
1851 1860 1861 2062 2061
1852 1861 1862 2063 2062
1853 1862 1863 2064 2063
1854 1863 1864 2065 2064
1855 1864 1865 2066 2065
1856 1865 1866 2067 2066
1857 1866 1867 2068 2067
1858 1867 1868 2069 2068
1859 1868 1869 2070 2069
1860 1869 1870 2071 2070
1861 1870 1871 2072 2071
1862 1871 1872 2073 2072
1863 1872 1873 2074 2073
1864 1873 1874 2075 2074
1865 1874 1875 2076 2075
1866 1875 1876 2077 2076
1867 1876 1877 2078 2077
1868 1877 1878 2079 2078
1869 1878 1879 2080 2079
1870 1879 1880 2081 2080
1871 1880 1881 2082 2081
1872 1881 1882 2083 2082
1873 1882 1883 2084 2083
1874 1883 1884 2085 2084
1875 1884 1885 2086 2085
1876 1885 1886 2087 2086
1877 1886 1887 2088 2087
1878 1887 1888 2089 2088
1879 1888 1889 2090 2089
1880 1889 1890 2091 2090
1881 1890 1891 2092 2091
1882 1891 1892 2093 2092
1883 1892 1893 2094 2093
1884 1893 1894 2095 2094
1885 1894 1895 2096 2095
1886 1895 1896 2097 2096
1887 1896 1897 2098 2097
1888 1897 1898 2099 2098
1889 1898 1899 2100 2099
1890 1899 1900 2101 2100
1891 1900 1901 2102 2101
1892 1901 1902 2103 2102
1893 1902 1903 2104 2103
1894 1903 1904 2105 2104
1895 1904 1905 2106 2105
1896 1905 1906 2107 2106
1897 1906 1907 2108 2107
1898 1907 1908 2109 2108
1899 1908 1909 2110 2109
1900 1909 1910 2111 2110
1901 1910 1911 2112 2111
1902 1911 1912 2113 2112
1903 1912 1913 2114 2113
1904 1913 1914 2115 2114
1905 1914 1915 2116 2115
1906 1915 1916 2117 2116
1907 1916 1917 2118 2117
1908 1917 1918 2119 2118
1909 1918 1919 2120 2119
1910 1919 1920 2121 2120
1911 1920 1921 2122 2121
1912 1921 1922 2123 2122
1913 1922 1923 2124 2123
1914 1923 1924 2125 2124
1915 1924 1925 2126 2125
1916 1925 1926 2127 2126
1917 1926 1927 2128 2127
1918 1927 1928 2129 2128
1919 1928 1929 2130 2129
1920 1929 1930 2131 2130
1921 1930 1931 2132 2131
1922 1931 1932 2133 2132
1923 1932 1933 2134 2133
1924 1933 1934 2135 2134
1925 1934 1935 2136 2135
1926 1935 1936 2137 2136
1927 1936 1937 2138 2137
1928 1937 1938 2139 2138
1929 1938 1939 2140 2139
1930 1939 1940 2141 2140
1931 1940 1941 2142 2141
1932 1941 1942 2143 2142
1933 1942 1943 2144 2143
1934 1943 1944 2145 2144
1935 1944 1945 2146 2145
1936 1945 1946 2147 2146
1937 1946 1947 2148 2147
1938 1947 1948 2149 2148
1939 1948 1949 2150 2149
1940 1949 1950 2151 2150
1941 1950 1951 2152 2151
1942 1951 1952 2153 2152
1943 1952 1953 2154 2153
1944 1953 1954 2155 2154
1945 1954 1955 2156 2155
1946 1955 1956 2157 2156
1947 1956 1957 2158 2157
1948 1957 1958 2159 2158
1949 1958 1959 2160 2159
1950 1959 1960 2161 2160
1951 1960 1961 2162 2161
1952 1961 1962 2163 2162
1953 1962 1963 2164 2163
1954 1963 1964 2165 2164
1955 1964 1965 2166 2165
1956 1965 1966 2167 2166
1957 1966 1967 2168 2167
1958 1967 1968 2169 2168
1959 1968 1969 2170 2169
1960 1969 1970 2171 2170
1961 1970 1971 2172 2171
1962 1971 1972 2173 2172
1963 1972 1973 2174 2173
1964 1973 1974 2175 2174
1965 1974 1975 2176 2175
1966 1975 1976 2177 2176
1967 1976 1977 2178 2177
1968 1977 1978 2179 2178
1969 1978 1979 2180 2179
1970 1979 1980 2181 2180
1971 1980 1981 2182 2181
1972 1981 1982 2183 2182
1973 1982 1983 2184 2183
1974 1983 1984 2185 2184
1975 1984 1985 2186 2185
1976 1985 1986 2187 2186
1977 1986 1987 2188 2187
1978 1987 1988 2189 2188
1979 1988 1989 2190 2189
1980 1989 1990 2191 2190
1981 1990 1991 2192 2191
1982 1991 1992 2193 2192
1983 1992 1993 2194 2193
1984 1993 1994 2195 2194
1985 1994 1995 2196 2195
1986 1995 1996 2197 2196
1987 1996 1997 2198 2197
1988 1997 1998 2199 2198
1989 1998 1999 2200 2199
1990 1999 2000 2201 2200
1991 2000 2001 2202 2201
1992 2001 2002 2203 2202
1993 2002 2003 2204 2203
1994 2003 2004 2205 2204
1995 2004 2005 2206 2205
1996 2005 2006 2207 2206
1997 2006 2007 2208 2207
1998 2007 2008 2209 2208
1999 2008 2009 2210 2209
