2211
0 0 0 0
1 1 0 0
2 2 0 0
3 3 0 0
4 4 0 0
5 5 0 0
6 6 0 0
7 7 0 0
8 8 0 0
9 9 0 0
10 10 0 0
11 11 0 0
12 12 0 0
13 13 0 0
14 14 0 0
15 15 0 0
16 16 0 0
17 17 0 0
18 18 0 0
19 19 0 0
20 20 0 0
21 21 0 0
22 22 0 0
23 23 0 0
24 24 0 0
25 25 0 0
26 26 0 0
27 27 0 0
28 28 0 0
29 29 0 0
30 30 0 0
31 31 0 0
32 32 0 0
33 33 0 0
34 34 0 0
35 35 0 0
36 36 0 0
37 37 0 0
38 38 0 0
39 39 0 0
40 40 0 0
41 41 0 0
42 42 0 0
43 43 0 0
44 44 0 0
45 45 0 0
46 46 0 0
47 47 0 0
48 48 0 0
49 49 0 0
50 50 0 0
51 51 0 0
52 52 0 0
53 53 0 0
54 54 0 0
55 55 0 0
56 56 0 0
57 57 0 0
58 58 0 0
59 59 0 0
60 60 0 0
61 61 0 0
62 62 0 0
63 63 0 0
64 64 0 0
65 65 0 0
66 66 0 0
67 67 0 0
68 68 0 0
69 69 0 0
70 70 0 0
71 71 0 0
72 72 0 0
73 73 0 0
74 74 0 0
75 75 0 0
76 76 0 0
77 77 0 0
78 78 0 0
79 79 0 0
80 80 0 0
81 81 0 0
82 82 0 0
83 83 0 0
84 84 0 0
85 85 0 0
86 86 0 0
87 87 0 0
88 88 0 0
89 89 0 0
90 90 0 0
91 91 0 0
92 92 0 0
93 93 0 0
94 94 0 0
95 95 0 0
96 96 0 0
97 97 0 0
98 98 0 0
99 99 0 0
100 100 0 0
101 101 0 0
102 102 0 0
103 103 0 0
104 104 0 0
105 105 0 0
106 106 0 0
107 107 0 0
108 108 0 0
109 109 0 0
110 110 0 0
111 111 0 0
112 112 0 0
113 113 0 0
114 114 0 0
115 115 0 0
116 116 0 0
117 117 0 0
118 118 0 0
119 119 0 0
120 120 0 0
121 121 0 0
122 122 0 0
123 123 0 0
124 124 0 0
125 125 0 0
126 126 0 0
127 127 0 0
128 128 0 0
129 129 0 0
130 130 0 0
131 131 0 0
132 132 0 0
133 133 0 0
134 134 0 0
135 135 0 0
136 136 0 0
137 137 0 0
138 138 0 0
139 139 0 0
140 140 0 0
141 141 0 0
142 142 0 0
143 143 0 0
144 144 0 0
145 145 0 0
146 146 0 0
147 147 0 0
148 148 0 0
149 149 0 0
150 150 0 0
151 151 0 0
152 152 0 0
153 153 0 0
154 154 0 0
155 155 0 0
156 156 0 0
157 157 0 0
158 158 0 0
159 159 0 0
160 160 0 0
161 161 0 0
162 162 0 0
163 163 0 0
164 164 0 0
165 165 0 0
166 166 0 0
167 167 0 0
168 168 0 0
169 169 0 0
170 170 0 0
171 171 0 0
172 172 0 0
173 173 0 0
174 174 0 0
175 175 0 0
176 176 0 0
177 177 0 0
178 178 0 0
179 179 0 0
180 180 0 0
181 181 0 0
182 182 0 0
183 183 0 0
184 184 0 0
185 185 0 0
186 186 0 0
187 187 0 0
188 188 0 0
189 189 0 0
190 190 0 0
191 191 0 0
192 192 0 0
193 193 0 0
194 194 0 0
195 195 0 0
196 196 0 0
197 197 0 0
198 198 0 0
199 199 0 0
200 200 0 0
201 0 1 0
202 1 1 0
203 2 1 0
204 3 1 0
205 4 1 0
206 5 1 0
207 6 1 0
208 7 1 0
209 8 1 0
210 9 1 0
211 10 1 0
212 11 1 0
213 12 1 0
214 13 1 0
215 14 1 0
216 15 1 0
217 16 1 0
218 17 1 0
219 18 1 0
220 19 1 0
221 20 1 0
222 21 1 0
223 22 1 0
224 23 1 0
225 24 1 0
226 25 1 0
227 26 1 0
228 27 1 0
229 28 1 0
230 29 1 0
231 30 1 0
232 31 1 0
233 32 1 0
234 33 1 0
235 34 1 0
236 35 1 0
237 36 1 0
238 37 1 0
239 38 1 0
240 39 1 0
241 40 1 0
242 41 1 0
243 42 1 0
244 43 1 0
245 44 1 0
246 45 1 0
247 46 1 0
248 47 1 0
249 48 1 0
250 49 1 0
251 50 1 0
252 51 1 0
253 52 1 0
254 53 1 0
255 54 1 0
256 55 1 0
257 56 1 0
258 57 1 0
259 58 1 0
260 59 1 0
261 60 1 0
262 61 1 0
263 62 1 0
264 63 1 0
265 64 1 0
266 65 1 0
267 66 1 0
268 67 1 0
269 68 1 0
270 69 1 0
271 70 1 0
272 71 1 0
273 72 1 0
274 73 1 0
275 74 1 0
276 75 1 0
277 76 1 0
278 77 1 0
279 78 1 0
280 79 1 0
281 80 1 0
282 81 1 0
283 82 1 0
284 83 1 0
285 84 1 0
286 85 1 0
287 86 1 0
288 87 1 0
289 88 1 0
290 89 1 0
291 90 1 0
292 91 1 0
293 92 1 0
294 93 1 0
295 94 1 0
296 95 1 0
297 96 1 0
298 97 1 0
299 98 1 0
300 99 1 0
301 100 1 0
302 101 1 0
303 102 1 0
304 103 1 0
305 104 1 0
306 105 1 0
307 106 1 0
308 107 1 0
309 108 1 0
310 109 1 0
311 110 1 0
312 111 1 0
313 112 1 0
314 113 1 0
315 114 1 0
316 115 1 0
317 116 1 0
318 117 1 0
319 118 1 0
320 119 1 0
321 120 1 0
322 121 1 0
323 122 1 0
324 123 1 0
325 124 1 0
326 125 1 0
327 126 1 0
328 127 1 0
329 128 1 0
330 129 1 0
331 130 1 0
332 131 1 0
333 132 1 0
334 133 1 0
335 134 1 0
336 135 1 0
337 136 1 0
338 137 1 0
339 138 1 0
340 139 1 0
341 140 1 0
342 141 1 0
343 142 1 0
344 143 1 0
345 144 1 0
346 145 1 0
347 146 1 0
348 147 1 0
349 148 1 0
350 149 1 0
351 150 1 0
352 151 1 0
353 152 1 0
354 153 1 0
355 154 1 0
356 155 1 0
357 156 1 0
358 157 1 0
359 158 1 0
360 159 1 0
361 160 1 0
362 161 1 0
363 162 1 0
364 163 1 0
365 164 1 0
366 165 1 0
367 166 1 0
368 167 1 0
369 168 1 0
370 169 1 0
371 170 1 0
372 171 1 0
373 172 1 0
374 173 1 0
375 174 1 0
376 175 1 0
377 176 1 0
378 177 1 0
379 178 1 0
380 179 1 0
381 180 1 0
382 181 1 0
383 182 1 0
384 183 1 0
385 184 1 0
386 185 1 0
387 186 1 0
388 187 1 0
389 188 1 0
390 189 1 0
391 190 1 0
392 191 1 0
393 192 1 0
394 193 1 0
395 194 1 0
396 195 1 0
397 196 1 0
398 197 1 0
399 198 1 0
400 199 1 0
401 200 1 0
402 0 2 0
403 1 2 0
404 2 2 0
405 3 2 0
406 4 2 0
407 5 2 0
408 6 2 0
409 7 2 0
410 8 2 0
411 9 2 0
412 10 2 0
413 11 2 0
414 12 2 0
415 13 2 0
416 14 2 0
417 15 2 0
418 16 2 0
419 17 2 0
420 18 2 0
421 19 2 0
422 20 2 0
423 21 2 0
424 22 2 0
425 23 2 0
426 24 2 0
427 25 2 0
428 26 2 0
429 27 2 0
430 28 2 0
431 29 2 0
432 30 2 0
433 31 2 0
434 32 2 0
435 33 2 0
436 34 2 0
437 35 2 0
438 36 2 0
439 37 2 0
440 38 2 0
441 39 2 0
442 40 2 0
443 41 2 0
444 42 2 0
445 43 2 0
446 44 2 0
447 45 2 0
448 46 2 0
449 47 2 0
450 48 2 0
451 49 2 0
452 50 2 0
453 51 2 0
454 52 2 0
455 53 2 0
456 54 2 0
457 55 2 0
458 56 2 0
459 57 2 0
460 58 2 0
461 59 2 0
462 60 2 0
463 61 2 0
464 62 2 0
465 63 2 0
466 64 2 0
467 65 2 0
468 66 2 0
469 67 2 0
470 68 2 0
471 69 2 0
472 70 2 0
473 71 2 0
474 72 2 0
475 73 2 0
476 74 2 0
477 75 2 0
478 76 2 0
479 77 2 0
480 78 2 0
481 79 2 0
482 80 2 0
483 81 2 0
484 82 2 0
485 83 2 0
486 84 2 0
487 85 2 0
488 86 2 0
489 87 2 0
490 88 2 0
491 89 2 0
492 90 2 0
493 91 2 0
494 92 2 0
495 93 2 0
496 94 2 0
497 95 2 0
498 96 2 0
499 97 2 0
500 98 2 0
501 99 2 0
502 100 2 0
503 101 2 0
504 102 2 0
505 103 2 0
506 104 2 0
507 105 2 0
508 106 2 0
509 107 2 0
510 108 2 0
511 109 2 0
512 110 2 0
513 111 2 0
514 112 2 0
515 113 2 0
516 114 2 0
517 115 2 0
518 116 2 0
519 117 2 0
520 118 2 0
521 119 2 0
522 120 2 0
523 121 2 0
524 122 2 0
525 123 2 0
526 124 2 0
527 125 2 0
528 126 2 0
529 127 2 0
530 128 2 0
531 129 2 0
532 130 2 0
533 131 2 0
534 132 2 0
535 133 2 0
536 134 2 0
537 135 2 0
538 136 2 0
539 137 2 0
540 138 2 0
541 139 2 0
542 140 2 0
543 141 2 0
544 142 2 0
545 143 2 0
546 144 2 0
547 145 2 0
548 146 2 0
549 147 2 0
550 148 2 0
551 149 2 0
552 150 2 0
553 151 2 0
554 152 2 0
555 153 2 0
556 154 2 0
557 155 2 0
558 156 2 0
559 157 2 0
560 158 2 0
561 159 2 0
562 160 2 0
563 161 2 0
564 162 2 0
565 163 2 0
566 164 2 0
567 165 2 0
568 166 2 0
569 167 2 0
570 168 2 0
571 169 2 0
572 170 2 0
573 171 2 0
574 172 2 0
575 173 2 0
576 174 2 0
577 175 2 0
578 176 2 0
579 177 2 0
580 178 2 0
581 179 2 0
582 180 2 0
583 181 2 0
584 182 2 0
585 183 2 0
586 184 2 0
587 185 2 0
588 186 2 0
589 187 2 0
590 188 2 0
591 189 2 0
592 190 2 0
593 191 2 0
594 192 2 0
595 193 2 0
596 194 2 0
597 195 2 0
598 196 2 0
599 197 2 0
600 198 2 0
601 199 2 0
602 200 2 0
603 0 3 0
604 1 3 0
605 2 3 0
606 3 3 0
607 4 3 0
608 5 3 0
609 6 3 0
610 7 3 0
611 8 3 0
612 9 3 0
613 10 3 0
614 11 3 0
615 12 3 0
616 13 3 0
617 14 3 0
618 15 3 0
619 16 3 0
620 17 3 0
621 18 3 0
622 19 3 0
623 20 3 0
624 21 3 0
625 22 3 0
626 23 3 0
627 24 3 0
628 25 3 0
629 26 3 0
630 27 3 0
631 28 3 0
632 29 3 0
633 30 3 0
634 31 3 0
635 32 3 0
636 33 3 0
637 34 3 0
638 35 3 0
639 36 3 0
640 37 3 0
641 38 3 0
642 39 3 0
643 40 3 0
644 41 3 0
645 42 3 0
646 43 3 0
647 44 3 0
648 45 3 0
649 46 3 0
650 47 3 0
651 48 3 0
652 49 3 0
653 50 3 0
654 51 3 0
655 52 3 0
656 53 3 0
657 54 3 0
658 55 3 0
659 56 3 0
660 57 3 0
661 58 3 0
662 59 3 0
663 60 3 0
664 61 3 0
665 62 3 0
666 63 3 0
667 64 3 0
668 65 3 0
669 66 3 0
670 67 3 0
671 68 3 0
672 69 3 0
673 70 3 0
674 71 3 0
675 72 3 0
676 73 3 0
677 74 3 0
678 75 3 0
679 76 3 0
680 77 3 0
681 78 3 0
682 79 3 0
683 80 3 0
684 81 3 0
685 82 3 0
686 83 3 0
687 84 3 0
688 85 3 0
689 86 3 0
690 87 3 0
691 88 3 0
692 89 3 0
693 90 3 0
694 91 3 0
695 92 3 0
696 93 3 0
697 94 3 0
698 95 3 0
699 96 3 0
700 97 3 0
701 98 3 0
702 99 3 0
703 100 3 0
704 101 3 0
705 102 3 0
706 103 3 0
707 104 3 0
708 105 3 0
709 106 3 0
710 107 3 0
711 108 3 0
712 109 3 0
713 110 3 0
714 111 3 0
715 112 3 0
716 113 3 0
717 114 3 0
718 115 3 0
719 116 3 0
720 117 3 0
721 118 3 0
722 119 3 0
723 120 3 0
724 121 3 0
725 122 3 0
726 123 3 0
727 124 3 0
728 125 3 0
729 126 3 0
730 127 3 0
731 128 3 0
732 129 3 0
733 130 3 0
734 131 3 0
735 132 3 0
736 133 3 0
737 134 3 0
738 135 3 0
739 136 3 0
740 137 3 0
741 138 3 0
742 139 3 0
743 140 3 0
744 141 3 0
745 142 3 0
746 143 3 0
747 144 3 0
748 145 3 0
749 146 3 0
750 147 3 0
751 148 3 0
752 149 3 0
753 150 3 0
754 151 3 0
755 152 3 0
756 153 3 0
757 154 3 0
758 155 3 0
759 156 3 0
760 157 3 0
761 158 3 0
762 159 3 0
763 160 3 0
764 161 3 0
765 162 3 0
766 163 3 0
767 164 3 0
768 165 3 0
769 166 3 0
770 167 3 0
771 168 3 0
772 169 3 0
773 170 3 0
774 171 3 0
775 172 3 0
776 173 3 0
777 174 3 0
778 175 3 0
779 176 3 0
780 177 3 0
781 178 3 0
782 179 3 0
783 180 3 0
784 181 3 0
785 182 3 0
786 183 3 0
787 184 3 0
788 185 3 0
789 186 3 0
790 187 3 0
791 188 3 0
792 189 3 0
793 190 3 0
794 191 3 0
795 192 3 0
796 193 3 0
797 194 3 0
798 195 3 0
799 196 3 0
800 197 3 0
801 198 3 0
802 199 3 0
803 200 3 0
804 0 4 0
805 1 4 0
806 2 4 0
807 3 4 0
808 4 4 0
809 5 4 0
810 6 4 0
811 7 4 0
812 8 4 0
813 9 4 0
814 10 4 0
815 11 4 0
816 12 4 0
817 13 4 0
818 14 4 0
819 15 4 0
820 16 4 0
821 17 4 0
822 18 4 0
823 19 4 0
824 20 4 0
825 21 4 0
826 22 4 0
827 23 4 0
828 24 4 0
829 25 4 0
830 26 4 0
831 27 4 0
832 28 4 0
833 29 4 0
834 30 4 0
835 31 4 0
836 32 4 0
837 33 4 0
838 34 4 0
839 35 4 0
840 36 4 0
841 37 4 0
842 38 4 0
843 39 4 0
844 40 4 0
845 41 4 0
846 42 4 0
847 43 4 0
848 44 4 0
849 45 4 0
850 46 4 0
851 47 4 0
852 48 4 0
853 49 4 0
854 50 4 0
855 51 4 0
856 52 4 0
857 53 4 0
858 54 4 0
859 55 4 0
860 56 4 0
861 57 4 0
862 58 4 0
863 59 4 0
864 60 4 0
865 61 4 0
866 62 4 0
867 63 4 0
868 64 4 0
869 65 4 0
870 66 4 0
871 67 4 0
872 68 4 0
873 69 4 0
874 70 4 0
875 71 4 0
876 72 4 0
877 73 4 0
878 74 4 0
879 75 4 0
880 76 4 0
881 77 4 0
882 78 4 0
883 79 4 0
884 80 4 0
885 81 4 0
886 82 4 0
887 83 4 0
888 84 4 0
889 85 4 0
890 86 4 0
891 87 4 0
892 88 4 0
893 89 4 0
894 90 4 0
895 91 4 0
896 92 4 0
897 93 4 0
898 94 4 0
899 95 4 0
900 96 4 0
901 97 4 0
902 98 4 0
903 99 4 0
904 100 4 0
905 101 4 0
906 102 4 0
907 103 4 0
908 104 4 0
909 105 4 0
910 106 4 0
911 107 4 0
912 108 4 0
913 109 4 0
914 110 4 0
915 111 4 0
916 112 4 0
917 113 4 0
918 114 4 0
919 115 4 0
920 116 4 0
921 117 4 0
922 118 4 0
923 119 4 0
924 120 4 0
925 121 4 0
926 122 4 0
927 123 4 0
928 124 4 0
929 125 4 0
930 126 4 0
931 127 4 0
932 128 4 0
933 129 4 0
934 130 4 0
935 131 4 0
936 132 4 0
937 133 4 0
938 134 4 0
939 135 4 0
940 136 4 0
941 137 4 0
942 138 4 0
943 139 4 0
944 140 4 0
945 141 4 0
946 142 4 0
947 143 4 0
948 144 4 0
949 145 4 0
950 146 4 0
951 147 4 0
952 148 4 0
953 149 4 0
954 150 4 0
955 151 4 0
956 152 4 0
957 153 4 0
958 154 4 0
959 155 4 0
960 156 4 0
961 157 4 0
962 158 4 0
963 159 4 0
964 160 4 0
965 161 4 0
966 162 4 0
967 163 4 0
968 164 4 0
969 165 4 0
970 166 4 0
971 167 4 0
972 168 4 0
973 169 4 0
974 170 4 0
975 171 4 0
976 172 4 0
977 173 4 0
978 174 4 0
979 175 4 0
980 176 4 0
981 177 4 0
982 178 4 0
983 179 4 0
984 180 4 0
985 181 4 0
986 182 4 0
987 183 4 0
988 184 4 0
989 185 4 0
990 186 4 0
991 187 4 0
992 188 4 0
993 189 4 0
994 190 4 0
995 191 4 0
996 192 4 0
997 193 4 0
998 194 4 0
999 195 4 0
1000 196 4 0
1001 197 4 0
1002 198 4 0
1003 199 4 0
1004 200 4 0
1005 0 5 0
1006 1 5 0
1007 2 5 0
1008 3 5 0
1009 4 5 0
1010 5 5 0
1011 6 5 0
1012 7 5 0
1013 8 5 0
1014 9 5 0
1015 10 5 0
1016 11 5 0
1017 12 5 0
1018 13 5 0
1019 14 5 0
1020 15 5 0
1021 16 5 0
1022 17 5 0
1023 18 5 0
1024 19 5 0
1025 20 5 0
1026 21 5 0
1027 22 5 0
1028 23 5 0
1029 24 5 0
1030 25 5 0
1031 26 5 0
1032 27 5 0
1033 28 5 0
1034 29 5 0
1035 30 5 0
1036 31 5 0
1037 32 5 0
1038 33 5 0
1039 34 5 0
1040 35 5 0
1041 36 5 0
1042 37 5 0
1043 38 5 0
1044 39 5 0
1045 40 5 0
1046 41 5 0
1047 42 5 0
1048 43 5 0
1049 44 5 0
1050 45 5 0
1051 46 5 0
1052 47 5 0
1053 48 5 0
1054 49 5 0
1055 50 5 0
1056 51 5 0
1057 52 5 0
1058 53 5 0
1059 54 5 0
1060 55 5 0
1061 56 5 0
1062 57 5 0
1063 58 5 0
1064 59 5 0
1065 60 5 0
1066 61 5 0
1067 62 5 0
1068 63 5 0
1069 64 5 0
1070 65 5 0
1071 66 5 0
1072 67 5 0
1073 68 5 0
1074 69 5 0
1075 70 5 0
1076 71 5 0
1077 72 5 0
1078 73 5 0
1079 74 5 0
1080 75 5 0
1081 76 5 0
1082 77 5 0
1083 78 5 0
1084 79 5 0
1085 80 5 0
1086 81 5 0
1087 82 5 0
1088 83 5 0
1089 84 5 0
1090 85 5 0
1091 86 5 0
1092 87 5 0
1093 88 5 0
1094 89 5 0
1095 90 5 0
1096 91 5 0
1097 92 5 0
1098 93 5 0
1099 94 5 0
1100 95 5 0
1101 96 5 0
1102 97 5 0
1103 98 5 0
1104 99 5 0
1105 100 5 0
1106 101 5 0
1107 102 5 0
1108 103 5 0
1109 104 5 0
1110 105 5 0
1111 106 5 0
1112 107 5 0
1113 108 5 0
1114 109 5 0
1115 110 5 0
1116 111 5 0
1117 112 5 0
1118 113 5 0
1119 114 5 0
1120 115 5 0
1121 116 5 0
1122 117 5 0
1123 118 5 0
1124 119 5 0
1125 120 5 0
1126 121 5 0
1127 122 5 0
1128 123 5 0
1129 124 5 0
1130 125 5 0
1131 126 5 0
1132 127 5 0
1133 128 5 0
1134 129 5 0
1135 130 5 0
1136 131 5 0
1137 132 5 0
1138 133 5 0
1139 134 5 0
1140 135 5 0
1141 136 5 0
1142 137 5 0
1143 138 5 0
1144 139 5 0
1145 140 5 0
1146 141 5 0
1147 142 5 0
1148 143 5 0
1149 144 5 0
1150 145 5 0
1151 146 5 0
1152 147 5 0
1153 148 5 0
1154 149 5 0
1155 150 5 0
1156 151 5 0
1157 152 5 0
1158 153 5 0
1159 154 5 0
1160 155 5 0
1161 156 5 0
1162 157 5 0
1163 158 5 0
1164 159 5 0
1165 160 5 0
1166 161 5 0
1167 162 5 0
1168 163 5 0
1169 164 5 0
1170 165 5 0
1171 166 5 0
1172 167 5 0
1173 168 5 0
1174 169 5 0
1175 170 5 0
1176 171 5 0
1177 172 5 0
1178 173 5 0
1179 174 5 0
1180 175 5 0
1181 176 5 0
1182 177 5 0
1183 178 5 0
1184 179 5 0
1185 180 5 0
1186 181 5 0
1187 182 5 0
1188 183 5 0
1189 184 5 0
1190 185 5 0
1191 186 5 0
1192 187 5 0
1193 188 5 0
1194 189 5 0
1195 190 5 0
1196 191 5 0
1197 192 5 0
1198 193 5 0
1199 194 5 0
1200 195 5 0
1201 196 5 0
1202 197 5 0
1203 198 5 0
1204 199 5 0
1205 200 5 0
1206 0 6 0
1207 1 6 0
1208 2 6 0
1209 3 6 0
1210 4 6 0
1211 5 6 0
1212 6 6 0
1213 7 6 0
1214 8 6 0
1215 9 6 0
1216 10 6 0
1217 11 6 0
1218 12 6 0
1219 13 6 0
1220 14 6 0
1221 15 6 0
1222 16 6 0
1223 17 6 0
1224 18 6 0
1225 19 6 0
1226 20 6 0
1227 21 6 0
1228 22 6 0
1229 23 6 0
1230 24 6 0
1231 25 6 0
1232 26 6 0
1233 27 6 0
1234 28 6 0
1235 29 6 0
1236 30 6 0
1237 31 6 0
1238 32 6 0
1239 33 6 0
1240 34 6 0
1241 35 6 0
1242 36 6 0
1243 37 6 0
1244 38 6 0
1245 39 6 0
1246 40 6 0
1247 41 6 0
1248 42 6 0
1249 43 6 0
1250 44 6 0
1251 45 6 0
1252 46 6 0
1253 47 6 0
1254 48 6 0
1255 49 6 0
1256 50 6 0
1257 51 6 0
1258 52 6 0
1259 53 6 0
1260 54 6 0
1261 55 6 0
1262 56 6 0
1263 57 6 0
1264 58 6 0
1265 59 6 0
1266 60 6 0
1267 61 6 0
1268 62 6 0
1269 63 6 0
1270 64 6 0
1271 65 6 0
1272 66 6 0
1273 67 6 0
1274 68 6 0
1275 69 6 0
1276 70 6 0
1277 71 6 0
1278 72 6 0
1279 73 6 0
1280 74 6 0
1281 75 6 0
1282 76 6 0
1283 77 6 0
1284 78 6 0
1285 79 6 0
1286 80 6 0
1287 81 6 0
1288 82 6 0
1289 83 6 0
1290 84 6 0
1291 85 6 0
1292 86 6 0
1293 87 6 0
1294 88 6 0
1295 89 6 0
1296 90 6 0
1297 91 6 0
1298 92 6 0
1299 93 6 0
1300 94 6 0
1301 95 6 0
1302 96 6 0
1303 97 6 0
1304 98 6 0
1305 99 6 0
1306 100 6 0
1307 101 6 0
1308 102 6 0
1309 103 6 0
1310 104 6 0
1311 105 6 0
1312 106 6 0
1313 107 6 0
1314 108 6 0
1315 109 6 0
1316 110 6 0
1317 111 6 0
1318 112 6 0
1319 113 6 0
1320 114 6 0
1321 115 6 0
1322 116 6 0
1323 117 6 0
1324 118 6 0
1325 119 6 0
1326 120 6 0
1327 121 6 0
1328 122 6 0
1329 123 6 0
1330 124 6 0
1331 125 6 0
1332 126 6 0
1333 127 6 0
1334 128 6 0
1335 129 6 0
1336 130 6 0
1337 131 6 0
1338 132 6 0
1339 133 6 0
1340 134 6 0
1341 135 6 0
1342 136 6 0
1343 137 6 0
1344 138 6 0
1345 139 6 0
1346 140 6 0
1347 141 6 0
1348 142 6 0
1349 143 6 0
1350 144 6 0
1351 145 6 0
1352 146 6 0
1353 147 6 0
1354 148 6 0
1355 149 6 0
1356 150 6 0
1357 151 6 0
1358 152 6 0
1359 153 6 0
1360 154 6 0
1361 155 6 0
1362 156 6 0
1363 157 6 0
1364 158 6 0
1365 159 6 0
1366 160 6 0
1367 161 6 0
1368 162 6 0
1369 163 6 0
1370 164 6 0
1371 165 6 0
1372 166 6 0
1373 167 6 0
1374 168 6 0
1375 169 6 0
1376 170 6 0
1377 171 6 0
1378 172 6 0
1379 173 6 0
1380 174 6 0
1381 175 6 0
1382 176 6 0
1383 177 6 0
1384 178 6 0
1385 179 6 0
1386 180 6 0
1387 181 6 0
1388 182 6 0
1389 183 6 0
1390 184 6 0
1391 185 6 0
1392 186 6 0
1393 187 6 0
1394 188 6 0
1395 189 6 0
1396 190 6 0
1397 191 6 0
1398 192 6 0
1399 193 6 0
1400 194 6 0
1401 195 6 0
1402 196 6 0
1403 197 6 0
1404 198 6 0
1405 199 6 0
1406 200 6 0
1407 0 7 0
1408 1 7 0
1409 2 7 0
1410 3 7 0
1411 4 7 0
1412 5 7 0
1413 6 7 0
1414 7 7 0
1415 8 7 0
1416 9 7 0
1417 10 7 0
1418 11 7 0
1419 12 7 0
1420 13 7 0
1421 14 7 0
1422 15 7 0
1423 16 7 0
1424 17 7 0
1425 18 7 0
1426 19 7 0
1427 20 7 0
1428 21 7 0
1429 22 7 0
1430 23 7 0
1431 24 7 0
1432 25 7 0
1433 26 7 0
1434 27 7 0
1435 28 7 0
1436 29 7 0
1437 30 7 0
1438 31 7 0
1439 32 7 0
1440 33 7 0
1441 34 7 0
1442 35 7 0
1443 36 7 0
1444 37 7 0
1445 38 7 0
1446 39 7 0
1447 40 7 0
1448 41 7 0
1449 42 7 0
1450 43 7 0
1451 44 7 0
1452 45 7 0
1453 46 7 0
1454 47 7 0
1455 48 7 0
1456 49 7 0
1457 50 7 0
1458 51 7 0
1459 52 7 0
1460 53 7 0
1461 54 7 0
1462 55 7 0
1463 56 7 0
1464 57 7 0
1465 58 7 0
1466 59 7 0
1467 60 7 0
1468 61 7 0
1469 62 7 0
1470 63 7 0
1471 64 7 0
1472 65 7 0
1473 66 7 0
1474 67 7 0
1475 68 7 0
1476 69 7 0
1477 70 7 0
1478 71 7 0
1479 72 7 0
1480 73 7 0
1481 74 7 0
1482 75 7 0
1483 76 7 0
1484 77 7 0
1485 78 7 0
1486 79 7 0
1487 80 7 0
1488 81 7 0
1489 82 7 0
1490 83 7 0
1491 84 7 0
1492 85 7 0
1493 86 7 0
1494 87 7 0
1495 88 7 0
1496 89 7 0
1497 90 7 0
1498 91 7 0
1499 92 7 0
1500 93 7 0
1501 94 7 0
1502 95 7 0
1503 96 7 0
1504 97 7 0
1505 98 7 0
1506 99 7 0
1507 100 7 0
1508 101 7 0
1509 102 7 0
1510 103 7 0
1511 104 7 0
1512 105 7 0
1513 106 7 0
1514 107 7 0
1515 108 7 0
1516 109 7 0
1517 110 7 0
1518 111 7 0
1519 112 7 0
1520 113 7 0
1521 114 7 0
1522 115 7 0
1523 116 7 0
1524 117 7 0
1525 118 7 0
1526 119 7 0
1527 120 7 0
1528 121 7 0
1529 122 7 0
1530 123 7 0
1531 124 7 0
1532 125 7 0
1533 126 7 0
1534 127 7 0
1535 128 7 0
1536 129 7 0
1537 130 7 0
1538 131 7 0
1539 132 7 0
1540 133 7 0
1541 134 7 0
1542 135 7 0
1543 136 7 0
1544 137 7 0
1545 138 7 0
1546 139 7 0
1547 140 7 0
1548 141 7 0
1549 142 7 0
1550 143 7 0
1551 144 7 0
1552 145 7 0
1553 146 7 0
1554 147 7 0
1555 148 7 0
1556 149 7 0
1557 150 7 0
1558 151 7 0
1559 152 7 0
1560 153 7 0
1561 154 7 0
1562 155 7 0
1563 156 7 0
1564 157 7 0
1565 158 7 0
1566 159 7 0
1567 160 7 0
1568 161 7 0
1569 162 7 0
1570 163 7 0
1571 164 7 0
1572 165 7 0
1573 166 7 0
1574 167 7 0
1575 168 7 0
1576 169 7 0
1577 170 7 0
1578 171 7 0
1579 172 7 0
1580 173 7 0
1581 174 7 0
1582 175 7 0
1583 176 7 0
1584 177 7 0
1585 178 7 0
1586 179 7 0
1587 180 7 0
1588 181 7 0
1589 182 7 0
1590 183 7 0
1591 184 7 0
1592 185 7 0
1593 186 7 0
1594 187 7 0
1595 188 7 0
1596 189 7 0
1597 190 7 0
1598 191 7 0
1599 192 7 0
1600 193 7 0
1601 194 7 0
1602 195 7 0
1603 196 7 0
1604 197 7 0
1605 198 7 0
1606 199 7 0
1607 200 7 0
1608 0 8 0
1609 1 8 0
1610 2 8 0
1611 3 8 0
1612 4 8 0
1613 5 8 0
1614 6 8 0
1615 7 8 0
1616 8 8 0
1617 9 8 0
1618 10 8 0
1619 11 8 0
1620 12 8 0
1621 13 8 0
1622 14 8 0
1623 15 8 0
1624 16 8 0
1625 17 8 0
1626 18 8 0
1627 19 8 0
1628 20 8 0
1629 21 8 0
1630 22 8 0
1631 23 8 0
1632 24 8 0
1633 25 8 0
1634 26 8 0
1635 27 8 0
1636 28 8 0
1637 29 8 0
1638 30 8 0
1639 31 8 0
1640 32 8 0
1641 33 8 0
1642 34 8 0
1643 35 8 0
1644 36 8 0
1645 37 8 0
1646 38 8 0
1647 39 8 0
1648 40 8 0
1649 41 8 0
1650 42 8 0
1651 43 8 0
1652 44 8 0
1653 45 8 0
1654 46 8 0
1655 47 8 0
1656 48 8 0
1657 49 8 0
1658 50 8 0
1659 51 8 0
1660 52 8 0
1661 53 8 0
1662 54 8 0
1663 55 8 0
1664 56 8 0
1665 57 8 0
1666 58 8 0
1667 59 8 0
1668 60 8 0
1669 61 8 0
1670 62 8 0
1671 63 8 0
1672 64 8 0
1673 65 8 0
1674 66 8 0
1675 67 8 0
1676 68 8 0
1677 69 8 0
1678 70 8 0
1679 71 8 0
1680 72 8 0
1681 73 8 0
1682 74 8 0
1683 75 8 0
1684 76 8 0
1685 77 8 0
1686 78 8 0
1687 79 8 0
1688 80 8 0
1689 81 8 0
1690 82 8 0
1691 83 8 0
1692 84 8 0
1693 85 8 0
1694 86 8 0
1695 87 8 0
1696 88 8 0
1697 89 8 0
1698 90 8 0
1699 91 8 0
1700 92 8 0
1701 93 8 0
1702 94 8 0
1703 95 8 0
1704 96 8 0
1705 97 8 0
1706 98 8 0
1707 99 8 0
1708 100 8 0
1709 101 8 0
1710 102 8 0
1711 103 8 0
1712 104 8 0
1713 105 8 0
1714 106 8 0
1715 107 8 0
1716 108 8 0
1717 109 8 0
1718 110 8 0
1719 111 8 0
1720 112 8 0
1721 113 8 0
1722 114 8 0
1723 115 8 0
1724 116 8 0
1725 117 8 0
1726 118 8 0
1727 119 8 0
1728 120 8 0
1729 121 8 0
1730 122 8 0
1731 123 8 0
1732 124 8 0
1733 125 8 0
1734 126 8 0
1735 127 8 0
1736 128 8 0
1737 129 8 0
1738 130 8 0
1739 131 8 0
1740 132 8 0
1741 133 8 0
1742 134 8 0
1743 135 8 0
1744 136 8 0
1745 137 8 0
1746 138 8 0
1747 139 8 0
1748 140 8 0
1749 141 8 0
1750 142 8 0
1751 143 8 0
1752 144 8 0
1753 145 8 0
1754 146 8 0
1755 147 8 0
1756 148 8 0
1757 149 8 0
1758 150 8 0
1759 151 8 0
1760 152 8 0
1761 153 8 0
1762 154 8 0
1763 155 8 0
1764 156 8 0
1765 157 8 0
1766 158 8 0
1767 159 8 0
1768 160 8 0
1769 161 8 0
1770 162 8 0
1771 163 8 0
1772 164 8 0
1773 165 8 0
1774 166 8 0
1775 167 8 0
1776 168 8 0
1777 169 8 0
1778 170 8 0
1779 171 8 0
1780 172 8 0
1781 173 8 0
1782 174 8 0
1783 175 8 0
1784 176 8 0
1785 177 8 0
1786 178 8 0
1787 179 8 0
1788 180 8 0
1789 181 8 0
1790 182 8 0
1791 183 8 0
1792 184 8 0
1793 185 8 0
1794 186 8 0
1795 187 8 0
1796 188 8 0
1797 189 8 0
1798 190 8 0
1799 191 8 0
1800 192 8 0
1801 193 8 0
1802 194 8 0
1803 195 8 0
1804 196 8 0
1805 197 8 0
1806 198 8 0
1807 199 8 0
1808 200 8 0
1809 0 9 0
1810 1 9 0
1811 2 9 0
1812 3 9 0
1813 4 9 0
1814 5 9 0
1815 6 9 0
1816 7 9 0
1817 8 9 0
1818 9 9 0
1819 10 9 0
1820 11 9 0
1821 12 9 0
1822 13 9 0
1823 14 9 0
1824 15 9 0
1825 16 9 0
1826 17 9 0
1827 18 9 0
1828 19 9 0
1829 20 9 0
1830 21 9 0
1831 22 9 0
1832 23 9 0
1833 24 9 0
1834 25 9 0
1835 26 9 0
1836 27 9 0
1837 28 9 0
1838 29 9 0
1839 30 9 0
1840 31 9 0
1841 32 9 0
1842 33 9 0
1843 34 9 0
1844 35 9 0
1845 36 9 0
1846 37 9 0
1847 38 9 0
1848 39 9 0
1849 40 9 0
1850 41 9 0
1851 42 9 0
1852 43 9 0
1853 44 9 0
1854 45 9 0
1855 46 9 0
1856 47 9 0
1857 48 9 0
1858 49 9 0
1859 50 9 0
1860 51 9 0
1861 52 9 0
1862 53 9 0
1863 54 9 0
1864 55 9 0
1865 56 9 0
1866 57 9 0
1867 58 9 0
1868 59 9 0
1869 60 9 0
1870 61 9 0
1871 62 9 0
1872 63 9 0
1873 64 9 0
1874 65 9 0
1875 66 9 0
1876 67 9 0
1877 68 9 0
1878 69 9 0
1879 70 9 0
1880 71 9 0
1881 72 9 0
1882 73 9 0
1883 74 9 0
1884 75 9 0
1885 76 9 0
1886 77 9 0
1887 78 9 0
1888 79 9 0
1889 80 9 0
1890 81 9 0
1891 82 9 0
1892 83 9 0
1893 84 9 0
1894 85 9 0
1895 86 9 0
1896 87 9 0
1897 88 9 0
1898 89 9 0
1899 90 9 0
1900 91 9 0
1901 92 9 0
1902 93 9 0
1903 94 9 0
1904 95 9 0
1905 96 9 0
1906 97 9 0
1907 98 9 0
1908 99 9 0
1909 100 9 0
1910 101 9 0
1911 102 9 0
1912 103 9 0
1913 104 9 0
1914 105 9 0
1915 106 9 0
1916 107 9 0
1917 108 9 0
1918 109 9 0
1919 110 9 0
1920 111 9 0
1921 112 9 0
1922 113 9 0
1923 114 9 0
1924 115 9 0
1925 116 9 0
1926 117 9 0
1927 118 9 0
1928 119 9 0
1929 120 9 0
1930 121 9 0
1931 122 9 0
1932 123 9 0
1933 124 9 0
1934 125 9 0
1935 126 9 0
1936 127 9 0
1937 128 9 0
1938 129 9 0
1939 130 9 0
1940 131 9 0
1941 132 9 0
1942 133 9 0
1943 134 9 0
1944 135 9 0
1945 136 9 0
1946 137 9 0
1947 138 9 0
1948 139 9 0
1949 140 9 0
1950 141 9 0
1951 142 9 0
1952 143 9 0
1953 144 9 0
1954 145 9 0
1955 146 9 0
1956 147 9 0
1957 148 9 0
1958 149 9 0
1959 150 9 0
1960 151 9 0
1961 152 9 0
1962 153 9 0
1963 154 9 0
1964 155 9 0
1965 156 9 0
1966 157 9 0
1967 158 9 0
1968 159 9 0
1969 160 9 0
1970 161 9 0
1971 162 9 0
1972 163 9 0
1973 164 9 0
1974 165 9 0
1975 166 9 0
1976 167 9 0
1977 168 9 0
1978 169 9 0
1979 170 9 0
1980 171 9 0
1981 172 9 0
1982 173 9 0
1983 174 9 0
1984 175 9 0
1985 176 9 0
1986 177 9 0
1987 178 9 0
1988 179 9 0
1989 180 9 0
1990 181 9 0
1991 182 9 0
1992 183 9 0
1993 184 9 0
1994 185 9 0
1995 186 9 0
1996 187 9 0
1997 188 9 0
1998 189 9 0
1999 190 9 0
2000 191 9 0
2001 192 9 0
2002 193 9 0
2003 194 9 0
2004 195 9 0
2005 196 9 0
2006 197 9 0
2007 198 9 0
2008 199 9 0
2009 200 9 0
2010 0 10 0
2011 1 10 0
2012 2 10 0
2013 3 10 0
2014 4 10 0
2015 5 10 0
2016 6 10 0
2017 7 10 0
2018 8 10 0
2019 9 10 0
2020 10 10 0
2021 11 10 0
2022 12 10 0
2023 13 10 0
2024 14 10 0
2025 15 10 0
2026 16 10 0
2027 17 10 0
2028 18 10 0
2029 19 10 0
2030 20 10 0
2031 21 10 0
2032 22 10 0
2033 23 10 0
2034 24 10 0
2035 25 10 0
2036 26 10 0
2037 27 10 0
2038 28 10 0
2039 29 10 0
2040 30 10 0
2041 31 10 0
2042 32 10 0
2043 33 10 0
2044 34 10 0
2045 35 10 0
2046 36 10 0
2047 37 10 0
2048 38 10 0
2049 39 10 0
2050 40 10 0
2051 41 10 0
2052 42 10 0
2053 43 10 0
2054 44 10 0
2055 45 10 0
2056 46 10 0
2057 47 10 0
2058 48 10 0
2059 49 10 0
2060 50 10 0
2061 51 10 0
2062 52 10 0
2063 53 10 0
2064 54 10 0
2065 55 10 0
2066 56 10 0
2067 57 10 0
2068 58 10 0
2069 59 10 0
2070 60 10 0
2071 61 10 0
2072 62 10 0
2073 63 10 0
2074 64 10 0
2075 65 10 0
2076 66 10 0
2077 67 10 0
2078 68 10 0
2079 69 10 0
2080 70 10 0
2081 71 10 0
2082 72 10 0
2083 73 10 0
2084 74 10 0
2085 75 10 0
2086 76 10 0
2087 77 10 0
2088 78 10 0
2089 79 10 0
2090 80 10 0
2091 81 10 0
2092 82 10 0
2093 83 10 0
2094 84 10 0
2095 85 10 0
2096 86 10 0
2097 87 10 0
2098 88 10 0
2099 89 10 0
2100 90 10 0
2101 91 10 0
2102 92 10 0
2103 93 10 0
2104 94 10 0
2105 95 10 0
2106 96 10 0
2107 97 10 0
2108 98 10 0
2109 99 10 0
2110 100 10 0
2111 101 10 0
2112 102 10 0
2113 103 10 0
2114 104 10 0
2115 105 10 0
2116 106 10 0
2117 107 10 0
2118 108 10 0
2119 109 10 0
2120 110 10 0
2121 111 10 0
2122 112 10 0
2123 113 10 0
2124 114 10 0
2125 115 10 0
2126 116 10 0
2127 117 10 0
2128 118 10 0
2129 119 10 0
2130 120 10 0
2131 121 10 0
2132 122 10 0
2133 123 10 0
2134 124 10 0
2135 125 10 0
2136 126 10 0
2137 127 10 0
2138 128 10 0
2139 129 10 0
2140 130 10 0
2141 131 10 0
2142 132 10 0
2143 133 10 0
2144 134 10 0
2145 135 10 0
2146 136 10 0
2147 137 10 0
2148 138 10 0
2149 139 10 0
2150 140 10 0
2151 141 10 0
2152 142 10 0
2153 143 10 0
2154 144 10 0
2155 145 10 0
2156 146 10 0
2157 147 10 0
2158 148 10 0
2159 149 10 0
2160 150 10 0
2161 151 10 0
2162 152 10 0
2163 153 10 0
2164 154 10 0
2165 155 10 0
2166 156 10 0
2167 157 10 0
2168 158 10 0
2169 159 10 0
2170 160 10 0
2171 161 10 0
2172 162 10 0
2173 163 10 0
2174 164 10 0
2175 165 10 0
2176 166 10 0
2177 167 10 0
2178 168 10 0
2179 169 10 0
2180 170 10 0
2181 171 10 0
2182 172 10 0
2183 173 10 0
2184 174 10 0
2185 175 10 0
2186 176 10 0
2187 177 10 0
2188 178 10 0
2189 179 10 0
2190 180 10 0
2191 181 10 0
2192 182 10 0
2193 183 10 0
2194 184 10 0
2195 185 10 0
2196 186 10 0
2197 187 10 0
2198 188 10 0
2199 189 10 0
2200 190 10 0
2201 191 10 0
2202 192 10 0
2203 193 10 0
2204 194 10 0
2205 195 10 0
2206 196 10 0
2207 197 10 0
2208 198 10 0
2209 199 10 0
2210 200 10 0
