5151
0 0 0 0
1 2 0 0
2 4 0 0
3 6 0 0
4 8 0 0
5 10 0 0
6 12 0 0
7 14 0 0
8 16 0 0
9 18 0 0
10 20 0 0
11 22 0 0
12 24 0 0
13 26 0 0
14 28 0 0
15 30 0 0
16 32 0 0
17 34 0 0
18 36 0 0
19 38 0 0
20 40 0 0
21 42 0 0
22 44 0 0
23 46 0 0
24 48 0 0
25 50 0 0
26 52 0 0
27 54 0 0
28 56 0 0
29 58 0 0
30 60 0 0
31 62 0 0
32 64 0 0
33 66 0 0
34 68 0 0
35 70 0 0
36 72 0 0
37 74 0 0
38 76 0 0
39 78 0 0
40 80 0 0
41 82 0 0
42 84 0 0
43 86 0 0
44 88 0 0
45 90 0 0
46 92 0 0
47 94 0 0
48 96 0 0
49 98 0 0
50 100 0 0
51 102 0 0
52 104 0 0
53 106 0 0
54 108 0 0
55 110 0 0
56 112 0 0
57 114 0 0
58 116 0 0
59 118 0 0
60 120 0 0
61 122 0 0
62 124 0 0
63 126 0 0
64 128 0 0
65 130 0 0
66 132 0 0
67 134 0 0
68 136 0 0
69 138 0 0
70 140 0 0
71 142 0 0
72 144 0 0
73 146 0 0
74 148 0 0
75 150 0 0
76 152 0 0
77 154 0 0
78 156 0 0
79 158 0 0
80 160 0 0
81 162 0 0
82 164 0 0
83 166 0 0
84 168 0 0
85 170 0 0
86 172 0 0
87 174 0 0
88 176 0 0
89 178 0 0
90 180 0 0
91 182 0 0
92 184 0 0
93 186 0 0
94 188 0 0
95 190 0 0
96 192 0 0
97 194 0 0
98 196 0 0
99 198 0 0
100 200 0 0
101 0 2 0
102 2 2 0
103 4 2 0
104 6 2 0
105 8 2 0
106 10 2 0
107 12 2 0
108 14 2 0
109 16 2 0
110 18 2 0
111 20 2 0
112 22 2 0
113 24 2 0
114 26 2 0
115 28 2 0
116 30 2 0
117 32 2 0
118 34 2 0
119 36 2 0
120 38 2 0
121 40 2 0
122 42 2 0
123 44 2 0
124 46 2 0
125 48 2 0
126 50 2 0
127 52 2 0
128 54 2 0
129 56 2 0
130 58 2 0
131 60 2 0
132 62 2 0
133 64 2 0
134 66 2 0
135 68 2 0
136 70 2 0
137 72 2 0
138 74 2 0
139 76 2 0
140 78 2 0
141 80 2 0
142 82 2 0
143 84 2 0
144 86 2 0
145 88 2 0
146 90 2 0
147 92 2 0
148 94 2 0
149 96 2 0
150 98 2 0
151 100 2 0
152 102 2 0
153 104 2 0
154 106 2 0
155 108 2 0
156 110 2 0
157 112 2 0
158 114 2 0
159 116 2 0
160 118 2 0
161 120 2 0
162 122 2 0
163 124 2 0
164 126 2 0
165 128 2 0
166 130 2 0
167 132 2 0
168 134 2 0
169 136 2 0
170 138 2 0
171 140 2 0
172 142 2 0
173 144 2 0
174 146 2 0
175 148 2 0
176 150 2 0
177 152 2 0
178 154 2 0
179 156 2 0
180 158 2 0
181 160 2 0
182 162 2 0
183 164 2 0
184 166 2 0
185 168 2 0
186 170 2 0
187 172 2 0
188 174 2 0
189 176 2 0
190 178 2 0
191 180 2 0
192 182 2 0
193 184 2 0
194 186 2 0
195 188 2 0
196 190 2 0
197 192 2 0
198 194 2 0
199 196 2 0
200 198 2 0
201 200 2 0
202 0 4 0
203 2 4 0
204 4 4 0
205 6 4 0
206 8 4 0
207 10 4 0
208 12 4 0
209 14 4 0
210 16 4 0
211 18 4 0
212 20 4 0
213 22 4 0
214 24 4 0
215 26 4 0
216 28 4 0
217 30 4 0
218 32 4 0
219 34 4 0
220 36 4 0
221 38 4 0
222 40 4 0
223 42 4 0
224 44 4 0
225 46 4 0
226 48 4 0
227 50 4 0
228 52 4 0
229 54 4 0
230 56 4 0
231 58 4 0
232 60 4 0
233 62 4 0
234 64 4 0
235 66 4 0
236 68 4 0
237 70 4 0
238 72 4 0
239 74 4 0
240 76 4 0
241 78 4 0
242 80 4 0
243 82 4 0
244 84 4 0
245 86 4 0
246 88 4 0
247 90 4 0
248 92 4 0
249 94 4 0
250 96 4 0
251 98 4 0
252 100 4 0
253 102 4 0
254 104 4 0
255 106 4 0
256 108 4 0
257 110 4 0
258 112 4 0
259 114 4 0
260 116 4 0
261 118 4 0
262 120 4 0
263 122 4 0
264 124 4 0
265 126 4 0
266 128 4 0
267 130 4 0
268 132 4 0
269 134 4 0
270 136 4 0
271 138 4 0
272 140 4 0
273 142 4 0
274 144 4 0
275 146 4 0
276 148 4 0
277 150 4 0
278 152 4 0
279 154 4 0
280 156 4 0
281 158 4 0
282 160 4 0
283 162 4 0
284 164 4 0
285 166 4 0
286 168 4 0
287 170 4 0
288 172 4 0
289 174 4 0
290 176 4 0
291 178 4 0
292 180 4 0
293 182 4 0
294 184 4 0
295 186 4 0
296 188 4 0
297 190 4 0
298 192 4 0
299 194 4 0
300 196 4 0
301 198 4 0
302 200 4 0
303 0 6 0
304 2 6 0
305 4 6 0
306 6 6 0
307 8 6 0
308 10 6 0
309 12 6 0
310 14 6 0
311 16 6 0
312 18 6 0
313 20 6 0
314 22 6 0
315 24 6 0
316 26 6 0
317 28 6 0
318 30 6 0
319 32 6 0
320 34 6 0
321 36 6 0
322 38 6 0
323 40 6 0
324 42 6 0
325 44 6 0
326 46 6 0
327 48 6 0
328 50 6 0
329 52 6 0
330 54 6 0
331 56 6 0
332 58 6 0
333 60 6 0
334 62 6 0
335 64 6 0
336 66 6 0
337 68 6 0
338 70 6 0
339 72 6 0
340 74 6 0
341 76 6 0
342 78 6 0
343 80 6 0
344 82 6 0
345 84 6 0
346 86 6 0
347 88 6 0
348 90 6 0
349 92 6 0
350 94 6 0
351 96 6 0
352 98 6 0
353 100 6 0
354 102 6 0
355 104 6 0
356 106 6 0
357 108 6 0
358 110 6 0
359 112 6 0
360 114 6 0
361 116 6 0
362 118 6 0
363 120 6 0
364 122 6 0
365 124 6 0
366 126 6 0
367 128 6 0
368 130 6 0
369 132 6 0
370 134 6 0
371 136 6 0
372 138 6 0
373 140 6 0
374 142 6 0
375 144 6 0
376 146 6 0
377 148 6 0
378 150 6 0
379 152 6 0
380 154 6 0
381 156 6 0
382 158 6 0
383 160 6 0
384 162 6 0
385 164 6 0
386 166 6 0
387 168 6 0
388 170 6 0
389 172 6 0
390 174 6 0
391 176 6 0
392 178 6 0
393 180 6 0
394 182 6 0
395 184 6 0
396 186 6 0
397 188 6 0
398 190 6 0
399 192 6 0
400 194 6 0
401 196 6 0
402 198 6 0
403 200 6 0
404 0 8 0
405 2 8 0
406 4 8 0
407 6 8 0
408 8 8 0
409 10 8 0
410 12 8 0
411 14 8 0
412 16 8 0
413 18 8 0
414 20 8 0
415 22 8 0
416 24 8 0
417 26 8 0
418 28 8 0
419 30 8 0
420 32 8 0
421 34 8 0
422 36 8 0
423 38 8 0
424 40 8 0
425 42 8 0
426 44 8 0
427 46 8 0
428 48 8 0
429 50 8 0
430 52 8 0
431 54 8 0
432 56 8 0
433 58 8 0
434 60 8 0
435 62 8 0
436 64 8 0
437 66 8 0
438 68 8 0
439 70 8 0
440 72 8 0
441 74 8 0
442 76 8 0
443 78 8 0
444 80 8 0
445 82 8 0
446 84 8 0
447 86 8 0
448 88 8 0
449 90 8 0
450 92 8 0
451 94 8 0
452 96 8 0
453 98 8 0
454 100 8 0
455 102 8 0
456 104 8 0
457 106 8 0
458 108 8 0
459 110 8 0
460 112 8 0
461 114 8 0
462 116 8 0
463 118 8 0
464 120 8 0
465 122 8 0
466 124 8 0
467 126 8 0
468 128 8 0
469 130 8 0
470 132 8 0
471 134 8 0
472 136 8 0
473 138 8 0
474 140 8 0
475 142 8 0
476 144 8 0
477 146 8 0
478 148 8 0
479 150 8 0
480 152 8 0
481 154 8 0
482 156 8 0
483 158 8 0
484 160 8 0
485 162 8 0
486 164 8 0
487 166 8 0
488 168 8 0
489 170 8 0
490 172 8 0
491 174 8 0
492 176 8 0
493 178 8 0
494 180 8 0
495 182 8 0
496 184 8 0
497 186 8 0
498 188 8 0
499 190 8 0
500 192 8 0
501 194 8 0
502 196 8 0
503 198 8 0
504 200 8 0
505 0 10 0
506 2 10 0
507 4 10 0
508 6 10 0
509 8 10 0
510 10 10 0
511 12 10 0
512 14 10 0
513 16 10 0
514 18 10 0
515 20 10 0
516 22 10 0
517 24 10 0
518 26 10 0
519 28 10 0
520 30 10 0
521 32 10 0
522 34 10 0
523 36 10 0
524 38 10 0
525 40 10 0
526 42 10 0
527 44 10 0
528 46 10 0
529 48 10 0
530 50 10 0
531 52 10 0
532 54 10 0
533 56 10 0
534 58 10 0
535 60 10 0
536 62 10 0
537 64 10 0
538 66 10 0
539 68 10 0
540 70 10 0
541 72 10 0
542 74 10 0
543 76 10 0
544 78 10 0
545 80 10 0
546 82 10 0
547 84 10 0
548 86 10 0
549 88 10 0
550 90 10 0
551 92 10 0
552 94 10 0
553 96 10 0
554 98 10 0
555 100 10 0
556 102 10 0
557 104 10 0
558 106 10 0
559 108 10 0
560 110 10 0
561 112 10 0
562 114 10 0
563 116 10 0
564 118 10 0
565 120 10 0
566 122 10 0
567 124 10 0
568 126 10 0
569 128 10 0
570 130 10 0
571 132 10 0
572 134 10 0
573 136 10 0
574 138 10 0
575 140 10 0
576 142 10 0
577 144 10 0
578 146 10 0
579 148 10 0
580 150 10 0
581 152 10 0
582 154 10 0
583 156 10 0
584 158 10 0
585 160 10 0
586 162 10 0
587 164 10 0
588 166 10 0
589 168 10 0
590 170 10 0
591 172 10 0
592 174 10 0
593 176 10 0
594 178 10 0
595 180 10 0
596 182 10 0
597 184 10 0
598 186 10 0
599 188 10 0
600 190 10 0
601 192 10 0
602 194 10 0
603 196 10 0
604 198 10 0
605 200 10 0
606 0 12 0
607 2 12 0
608 4 12 0
609 6 12 0
610 8 12 0
611 10 12 0
612 12 12 0
613 14 12 0
614 16 12 0
615 18 12 0
616 20 12 0
617 22 12 0
618 24 12 0
619 26 12 0
620 28 12 0
621 30 12 0
622 32 12 0
623 34 12 0
624 36 12 0
625 38 12 0
626 40 12 0
627 42 12 0
628 44 12 0
629 46 12 0
630 48 12 0
631 50 12 0
632 52 12 0
633 54 12 0
634 56 12 0
635 58 12 0
636 60 12 0
637 62 12 0
638 64 12 0
639 66 12 0
640 68 12 0
641 70 12 0
642 72 12 0
643 74 12 0
644 76 12 0
645 78 12 0
646 80 12 0
647 82 12 0
648 84 12 0
649 86 12 0
650 88 12 0
651 90 12 0
652 92 12 0
653 94 12 0
654 96 12 0
655 98 12 0
656 100 12 0
657 102 12 0
658 104 12 0
659 106 12 0
660 108 12 0
661 110 12 0
662 112 12 0
663 114 12 0
664 116 12 0
665 118 12 0
666 120 12 0
667 122 12 0
668 124 12 0
669 126 12 0
670 128 12 0
671 130 12 0
672 132 12 0
673 134 12 0
674 136 12 0
675 138 12 0
676 140 12 0
677 142 12 0
678 144 12 0
679 146 12 0
680 148 12 0
681 150 12 0
682 152 12 0
683 154 12 0
684 156 12 0
685 158 12 0
686 160 12 0
687 162 12 0
688 164 12 0
689 166 12 0
690 168 12 0
691 170 12 0
692 172 12 0
693 174 12 0
694 176 12 0
695 178 12 0
696 180 12 0
697 182 12 0
698 184 12 0
699 186 12 0
700 188 12 0
701 190 12 0
702 192 12 0
703 194 12 0
704 196 12 0
705 198 12 0
706 200 12 0
707 0 14 0
708 2 14 0
709 4 14 0
710 6 14 0
711 8 14 0
712 10 14 0
713 12 14 0
714 14 14 0
715 16 14 0
716 18 14 0
717 20 14 0
718 22 14 0
719 24 14 0
720 26 14 0
721 28 14 0
722 30 14 0
723 32 14 0
724 34 14 0
725 36 14 0
726 38 14 0
727 40 14 0
728 42 14 0
729 44 14 0
730 46 14 0
731 48 14 0
732 50 14 0
733 52 14 0
734 54 14 0
735 56 14 0
736 58 14 0
737 60 14 0
738 62 14 0
739 64 14 0
740 66 14 0
741 68 14 0
742 70 14 0
743 72 14 0
744 74 14 0
745 76 14 0
746 78 14 0
747 80 14 0
748 82 14 0
749 84 14 0
750 86 14 0
751 88 14 0
752 90 14 0
753 92 14 0
754 94 14 0
755 96 14 0
756 98 14 0
757 100 14 0
758 102 14 0
759 104 14 0
760 106 14 0
761 108 14 0
762 110 14 0
763 112 14 0
764 114 14 0
765 116 14 0
766 118 14 0
767 120 14 0
768 122 14 0
769 124 14 0
770 126 14 0
771 128 14 0
772 130 14 0
773 132 14 0
774 134 14 0
775 136 14 0
776 138 14 0
777 140 14 0
778 142 14 0
779 144 14 0
780 146 14 0
781 148 14 0
782 150 14 0
783 152 14 0
784 154 14 0
785 156 14 0
786 158 14 0
787 160 14 0
788 162 14 0
789 164 14 0
790 166 14 0
791 168 14 0
792 170 14 0
793 172 14 0
794 174 14 0
795 176 14 0
796 178 14 0
797 180 14 0
798 182 14 0
799 184 14 0
800 186 14 0
801 188 14 0
802 190 14 0
803 192 14 0
804 194 14 0
805 196 14 0
806 198 14 0
807 200 14 0
808 0 16 0
809 2 16 0
810 4 16 0
811 6 16 0
812 8 16 0
813 10 16 0
814 12 16 0
815 14 16 0
816 16 16 0
817 18 16 0
818 20 16 0
819 22 16 0
820 24 16 0
821 26 16 0
822 28 16 0
823 30 16 0
824 32 16 0
825 34 16 0
826 36 16 0
827 38 16 0
828 40 16 0
829 42 16 0
830 44 16 0
831 46 16 0
832 48 16 0
833 50 16 0
834 52 16 0
835 54 16 0
836 56 16 0
837 58 16 0
838 60 16 0
839 62 16 0
840 64 16 0
841 66 16 0
842 68 16 0
843 70 16 0
844 72 16 0
845 74 16 0
846 76 16 0
847 78 16 0
848 80 16 0
849 82 16 0
850 84 16 0
851 86 16 0
852 88 16 0
853 90 16 0
854 92 16 0
855 94 16 0
856 96 16 0
857 98 16 0
858 100 16 0
859 102 16 0
860 104 16 0
861 106 16 0
862 108 16 0
863 110 16 0
864 112 16 0
865 114 16 0
866 116 16 0
867 118 16 0
868 120 16 0
869 122 16 0
870 124 16 0
871 126 16 0
872 128 16 0
873 130 16 0
874 132 16 0
875 134 16 0
876 136 16 0
877 138 16 0
878 140 16 0
879 142 16 0
880 144 16 0
881 146 16 0
882 148 16 0
883 150 16 0
884 152 16 0
885 154 16 0
886 156 16 0
887 158 16 0
888 160 16 0
889 162 16 0
890 164 16 0
891 166 16 0
892 168 16 0
893 170 16 0
894 172 16 0
895 174 16 0
896 176 16 0
897 178 16 0
898 180 16 0
899 182 16 0
900 184 16 0
901 186 16 0
902 188 16 0
903 190 16 0
904 192 16 0
905 194 16 0
906 196 16 0
907 198 16 0
908 200 16 0
909 0 18 0
910 2 18 0
911 4 18 0
912 6 18 0
913 8 18 0
914 10 18 0
915 12 18 0
916 14 18 0
917 16 18 0
918 18 18 0
919 20 18 0
920 22 18 0
921 24 18 0
922 26 18 0
923 28 18 0
924 30 18 0
925 32 18 0
926 34 18 0
927 36 18 0
928 38 18 0
929 40 18 0
930 42 18 0
931 44 18 0
932 46 18 0
933 48 18 0
934 50 18 0
935 52 18 0
936 54 18 0
937 56 18 0
938 58 18 0
939 60 18 0
940 62 18 0
941 64 18 0
942 66 18 0
943 68 18 0
944 70 18 0
945 72 18 0
946 74 18 0
947 76 18 0
948 78 18 0
949 80 18 0
950 82 18 0
951 84 18 0
952 86 18 0
953 88 18 0
954 90 18 0
955 92 18 0
956 94 18 0
957 96 18 0
958 98 18 0
959 100 18 0
960 102 18 0
961 104 18 0
962 106 18 0
963 108 18 0
964 110 18 0
965 112 18 0
966 114 18 0
967 116 18 0
968 118 18 0
969 120 18 0
970 122 18 0
971 124 18 0
972 126 18 0
973 128 18 0
974 130 18 0
975 132 18 0
976 134 18 0
977 136 18 0
978 138 18 0
979 140 18 0
980 142 18 0
981 144 18 0
982 146 18 0
983 148 18 0
984 150 18 0
985 152 18 0
986 154 18 0
987 156 18 0
988 158 18 0
989 160 18 0
990 162 18 0
991 164 18 0
992 166 18 0
993 168 18 0
994 170 18 0
995 172 18 0
996 174 18 0
997 176 18 0
998 178 18 0
999 180 18 0
1000 182 18 0
1001 184 18 0
1002 186 18 0
1003 188 18 0
1004 190 18 0
1005 192 18 0
1006 194 18 0
1007 196 18 0
1008 198 18 0
1009 200 18 0
1010 0 20 0
1011 2 20 0
1012 4 20 0
1013 6 20 0
1014 8 20 0
1015 10 20 0
1016 12 20 0
1017 14 20 0
1018 16 20 0
1019 18 20 0
1020 20 20 0
1021 22 20 0
1022 24 20 0
1023 26 20 0
1024 28 20 0
1025 30 20 0
1026 32 20 0
1027 34 20 0
1028 36 20 0
1029 38 20 0
1030 40 20 0
1031 42 20 0
1032 44 20 0
1033 46 20 0
1034 48 20 0
1035 50 20 0
1036 52 20 0
1037 54 20 0
1038 56 20 0
1039 58 20 0
1040 60 20 0
1041 62 20 0
1042 64 20 0
1043 66 20 0
1044 68 20 0
1045 70 20 0
1046 72 20 0
1047 74 20 0
1048 76 20 0
1049 78 20 0
1050 80 20 0
1051 82 20 0
1052 84 20 0
1053 86 20 0
1054 88 20 0
1055 90 20 0
1056 92 20 0
1057 94 20 0
1058 96 20 0
1059 98 20 0
1060 100 20 0
1061 102 20 0
1062 104 20 0
1063 106 20 0
1064 108 20 0
1065 110 20 0
1066 112 20 0
1067 114 20 0
1068 116 20 0
1069 118 20 0
1070 120 20 0
1071 122 20 0
1072 124 20 0
1073 126 20 0
1074 128 20 0
1075 130 20 0
1076 132 20 0
1077 134 20 0
1078 136 20 0
1079 138 20 0
1080 140 20 0
1081 142 20 0
1082 144 20 0
1083 146 20 0
1084 148 20 0
1085 150 20 0
1086 152 20 0
1087 154 20 0
1088 156 20 0
1089 158 20 0
1090 160 20 0
1091 162 20 0
1092 164 20 0
1093 166 20 0
1094 168 20 0
1095 170 20 0
1096 172 20 0
1097 174 20 0
1098 176 20 0
1099 178 20 0
1100 180 20 0
1101 182 20 0
1102 184 20 0
1103 186 20 0
1104 188 20 0
1105 190 20 0
1106 192 20 0
1107 194 20 0
1108 196 20 0
1109 198 20 0
1110 200 20 0
1111 0 22 0
1112 2 22 0
1113 4 22 0
1114 6 22 0
1115 8 22 0
1116 10 22 0
1117 12 22 0
1118 14 22 0
1119 16 22 0
1120 18 22 0
1121 20 22 0
1122 22 22 0
1123 24 22 0
1124 26 22 0
1125 28 22 0
1126 30 22 0
1127 32 22 0
1128 34 22 0
1129 36 22 0
1130 38 22 0
1131 40 22 0
1132 42 22 0
1133 44 22 0
1134 46 22 0
1135 48 22 0
1136 50 22 0
1137 52 22 0
1138 54 22 0
1139 56 22 0
1140 58 22 0
1141 60 22 0
1142 62 22 0
1143 64 22 0
1144 66 22 0
1145 68 22 0
1146 70 22 0
1147 72 22 0
1148 74 22 0
1149 76 22 0
1150 78 22 0
1151 80 22 0
1152 82 22 0
1153 84 22 0
1154 86 22 0
1155 88 22 0
1156 90 22 0
1157 92 22 0
1158 94 22 0
1159 96 22 0
1160 98 22 0
1161 100 22 0
1162 102 22 0
1163 104 22 0
1164 106 22 0
1165 108 22 0
1166 110 22 0
1167 112 22 0
1168 114 22 0
1169 116 22 0
1170 118 22 0
1171 120 22 0
1172 122 22 0
1173 124 22 0
1174 126 22 0
1175 128 22 0
1176 130 22 0
1177 132 22 0
1178 134 22 0
1179 136 22 0
1180 138 22 0
1181 140 22 0
1182 142 22 0
1183 144 22 0
1184 146 22 0
1185 148 22 0
1186 150 22 0
1187 152 22 0
1188 154 22 0
1189 156 22 0
1190 158 22 0
1191 160 22 0
1192 162 22 0
1193 164 22 0
1194 166 22 0
1195 168 22 0
1196 170 22 0
1197 172 22 0
1198 174 22 0
1199 176 22 0
1200 178 22 0
1201 180 22 0
1202 182 22 0
1203 184 22 0
1204 186 22 0
1205 188 22 0
1206 190 22 0
1207 192 22 0
1208 194 22 0
1209 196 22 0
1210 198 22 0
1211 200 22 0
1212 0 24 0
1213 2 24 0
1214 4 24 0
1215 6 24 0
1216 8 24 0
1217 10 24 0
1218 12 24 0
1219 14 24 0
1220 16 24 0
1221 18 24 0
1222 20 24 0
1223 22 24 0
1224 24 24 0
1225 26 24 0
1226 28 24 0
1227 30 24 0
1228 32 24 0
1229 34 24 0
1230 36 24 0
1231 38 24 0
1232 40 24 0
1233 42 24 0
1234 44 24 0
1235 46 24 0
1236 48 24 0
1237 50 24 0
1238 52 24 0
1239 54 24 0
1240 56 24 0
1241 58 24 0
1242 60 24 0
1243 62 24 0
1244 64 24 0
1245 66 24 0
1246 68 24 0
1247 70 24 0
1248 72 24 0
1249 74 24 0
1250 76 24 0
1251 78 24 0
1252 80 24 0
1253 82 24 0
1254 84 24 0
1255 86 24 0
1256 88 24 0
1257 90 24 0
1258 92 24 0
1259 94 24 0
1260 96 24 0
1261 98 24 0
1262 100 24 0
1263 102 24 0
1264 104 24 0
1265 106 24 0
1266 108 24 0
1267 110 24 0
1268 112 24 0
1269 114 24 0
1270 116 24 0
1271 118 24 0
1272 120 24 0
1273 122 24 0
1274 124 24 0
1275 126 24 0
1276 128 24 0
1277 130 24 0
1278 132 24 0
1279 134 24 0
1280 136 24 0
1281 138 24 0
1282 140 24 0
1283 142 24 0
1284 144 24 0
1285 146 24 0
1286 148 24 0
1287 150 24 0
1288 152 24 0
1289 154 24 0
1290 156 24 0
1291 158 24 0
1292 160 24 0
1293 162 24 0
1294 164 24 0
1295 166 24 0
1296 168 24 0
1297 170 24 0
1298 172 24 0
1299 174 24 0
1300 176 24 0
1301 178 24 0
1302 180 24 0
1303 182 24 0
1304 184 24 0
1305 186 24 0
1306 188 24 0
1307 190 24 0
1308 192 24 0
1309 194 24 0
1310 196 24 0
1311 198 24 0
1312 200 24 0
1313 0 26 0
1314 2 26 0
1315 4 26 0
1316 6 26 0
1317 8 26 0
1318 10 26 0
1319 12 26 0
1320 14 26 0
1321 16 26 0
1322 18 26 0
1323 20 26 0
1324 22 26 0
1325 24 26 0
1326 26 26 0
1327 28 26 0
1328 30 26 0
1329 32 26 0
1330 34 26 0
1331 36 26 0
1332 38 26 0
1333 40 26 0
1334 42 26 0
1335 44 26 0
1336 46 26 0
1337 48 26 0
1338 50 26 0
1339 52 26 0
1340 54 26 0
1341 56 26 0
1342 58 26 0
1343 60 26 0
1344 62 26 0
1345 64 26 0
1346 66 26 0
1347 68 26 0
1348 70 26 0
1349 72 26 0
1350 74 26 0
1351 76 26 0
1352 78 26 0
1353 80 26 0
1354 82 26 0
1355 84 26 0
1356 86 26 0
1357 88 26 0
1358 90 26 0
1359 92 26 0
1360 94 26 0
1361 96 26 0
1362 98 26 0
1363 100 26 0
1364 102 26 0
1365 104 26 0
1366 106 26 0
1367 108 26 0
1368 110 26 0
1369 112 26 0
1370 114 26 0
1371 116 26 0
1372 118 26 0
1373 120 26 0
1374 122 26 0
1375 124 26 0
1376 126 26 0
1377 128 26 0
1378 130 26 0
1379 132 26 0
1380 134 26 0
1381 136 26 0
1382 138 26 0
1383 140 26 0
1384 142 26 0
1385 144 26 0
1386 146 26 0
1387 148 26 0
1388 150 26 0
1389 152 26 0
1390 154 26 0
1391 156 26 0
1392 158 26 0
1393 160 26 0
1394 162 26 0
1395 164 26 0
1396 166 26 0
1397 168 26 0
1398 170 26 0
1399 172 26 0
1400 174 26 0
1401 176 26 0
1402 178 26 0
1403 180 26 0
1404 182 26 0
1405 184 26 0
1406 186 26 0
1407 188 26 0
1408 190 26 0
1409 192 26 0
1410 194 26 0
1411 196 26 0
1412 198 26 0
1413 200 26 0
1414 0 28 0
1415 2 28 0
1416 4 28 0
1417 6 28 0
1418 8 28 0
1419 10 28 0
1420 12 28 0
1421 14 28 0
1422 16 28 0
1423 18 28 0
1424 20 28 0
1425 22 28 0
1426 24 28 0
1427 26 28 0
1428 28 28 0
1429 30 28 0
1430 32 28 0
1431 34 28 0
1432 36 28 0
1433 38 28 0
1434 40 28 0
1435 42 28 0
1436 44 28 0
1437 46 28 0
1438 48 28 0
1439 50 28 0
1440 52 28 0
1441 54 28 0
1442 56 28 0
1443 58 28 0
1444 60 28 0
1445 62 28 0
1446 64 28 0
1447 66 28 0
1448 68 28 0
1449 70 28 0
1450 72 28 0
1451 74 28 0
1452 76 28 0
1453 78 28 0
1454 80 28 0
1455 82 28 0
1456 84 28 0
1457 86 28 0
1458 88 28 0
1459 90 28 0
1460 92 28 0
1461 94 28 0
1462 96 28 0
1463 98 28 0
1464 100 28 0
1465 102 28 0
1466 104 28 0
1467 106 28 0
1468 108 28 0
1469 110 28 0
1470 112 28 0
1471 114 28 0
1472 116 28 0
1473 118 28 0
1474 120 28 0
1475 122 28 0
1476 124 28 0
1477 126 28 0
1478 128 28 0
1479 130 28 0
1480 132 28 0
1481 134 28 0
1482 136 28 0
1483 138 28 0
1484 140 28 0
1485 142 28 0
1486 144 28 0
1487 146 28 0
1488 148 28 0
1489 150 28 0
1490 152 28 0
1491 154 28 0
1492 156 28 0
1493 158 28 0
1494 160 28 0
1495 162 28 0
1496 164 28 0
1497 166 28 0
1498 168 28 0
1499 170 28 0
1500 172 28 0
1501 174 28 0
1502 176 28 0
1503 178 28 0
1504 180 28 0
1505 182 28 0
1506 184 28 0
1507 186 28 0
1508 188 28 0
1509 190 28 0
1510 192 28 0
1511 194 28 0
1512 196 28 0
1513 198 28 0
1514 200 28 0
1515 0 30 0
1516 2 30 0
1517 4 30 0
1518 6 30 0
1519 8 30 0
1520 10 30 0
1521 12 30 0
1522 14 30 0
1523 16 30 0
1524 18 30 0
1525 20 30 0
1526 22 30 0
1527 24 30 0
1528 26 30 0
1529 28 30 0
1530 30 30 0
1531 32 30 0
1532 34 30 0
1533 36 30 0
1534 38 30 0
1535 40 30 0
1536 42 30 0
1537 44 30 0
1538 46 30 0
1539 48 30 0
1540 50 30 0
1541 52 30 0
1542 54 30 0
1543 56 30 0
1544 58 30 0
1545 60 30 0
1546 62 30 0
1547 64 30 0
1548 66 30 0
1549 68 30 0
1550 70 30 0
1551 72 30 0
1552 74 30 0
1553 76 30 0
1554 78 30 0
1555 80 30 0
1556 82 30 0
1557 84 30 0
1558 86 30 0
1559 88 30 0
1560 90 30 0
1561 92 30 0
1562 94 30 0
1563 96 30 0
1564 98 30 0
1565 100 30 0
1566 102 30 0
1567 104 30 0
1568 106 30 0
1569 108 30 0
1570 110 30 0
1571 112 30 0
1572 114 30 0
1573 116 30 0
1574 118 30 0
1575 120 30 0
1576 122 30 0
1577 124 30 0
1578 126 30 0
1579 128 30 0
1580 130 30 0
1581 132 30 0
1582 134 30 0
1583 136 30 0
1584 138 30 0
1585 140 30 0
1586 142 30 0
1587 144 30 0
1588 146 30 0
1589 148 30 0
1590 150 30 0
1591 152 30 0
1592 154 30 0
1593 156 30 0
1594 158 30 0
1595 160 30 0
1596 162 30 0
1597 164 30 0
1598 166 30 0
1599 168 30 0
1600 170 30 0
1601 172 30 0
1602 174 30 0
1603 176 30 0
1604 178 30 0
1605 180 30 0
1606 182 30 0
1607 184 30 0
1608 186 30 0
1609 188 30 0
1610 190 30 0
1611 192 30 0
1612 194 30 0
1613 196 30 0
1614 198 30 0
1615 200 30 0
1616 0 32 0
1617 2 32 0
1618 4 32 0
1619 6 32 0
1620 8 32 0
1621 10 32 0
1622 12 32 0
1623 14 32 0
1624 16 32 0
1625 18 32 0
1626 20 32 0
1627 22 32 0
1628 24 32 0
1629 26 32 0
1630 28 32 0
1631 30 32 0
1632 32 32 0
1633 34 32 0
1634 36 32 0
1635 38 32 0
1636 40 32 0
1637 42 32 0
1638 44 32 0
1639 46 32 0
1640 48 32 0
1641 50 32 0
1642 52 32 0
1643 54 32 0
1644 56 32 0
1645 58 32 0
1646 60 32 0
1647 62 32 0
1648 64 32 0
1649 66 32 0
1650 68 32 0
1651 70 32 0
1652 72 32 0
1653 74 32 0
1654 76 32 0
1655 78 32 0
1656 80 32 0
1657 82 32 0
1658 84 32 0
1659 86 32 0
1660 88 32 0
1661 90 32 0
1662 92 32 0
1663 94 32 0
1664 96 32 0
1665 98 32 0
1666 100 32 0
1667 102 32 0
1668 104 32 0
1669 106 32 0
1670 108 32 0
1671 110 32 0
1672 112 32 0
1673 114 32 0
1674 116 32 0
1675 118 32 0
1676 120 32 0
1677 122 32 0
1678 124 32 0
1679 126 32 0
1680 128 32 0
1681 130 32 0
1682 132 32 0
1683 134 32 0
1684 136 32 0
1685 138 32 0
1686 140 32 0
1687 142 32 0
1688 144 32 0
1689 146 32 0
1690 148 32 0
1691 150 32 0
1692 152 32 0
1693 154 32 0
1694 156 32 0
1695 158 32 0
1696 160 32 0
1697 162 32 0
1698 164 32 0
1699 166 32 0
1700 168 32 0
1701 170 32 0
1702 172 32 0
1703 174 32 0
1704 176 32 0
1705 178 32 0
1706 180 32 0
1707 182 32 0
1708 184 32 0
1709 186 32 0
1710 188 32 0
1711 190 32 0
1712 192 32 0
1713 194 32 0
1714 196 32 0
1715 198 32 0
1716 200 32 0
1717 0 34 0
1718 2 34 0
1719 4 34 0
1720 6 34 0
1721 8 34 0
1722 10 34 0
1723 12 34 0
1724 14 34 0
1725 16 34 0
1726 18 34 0
1727 20 34 0
1728 22 34 0
1729 24 34 0
1730 26 34 0
1731 28 34 0
1732 30 34 0
1733 32 34 0
1734 34 34 0
1735 36 34 0
1736 38 34 0
1737 40 34 0
1738 42 34 0
1739 44 34 0
1740 46 34 0
1741 48 34 0
1742 50 34 0
1743 52 34 0
1744 54 34 0
1745 56 34 0
1746 58 34 0
1747 60 34 0
1748 62 34 0
1749 64 34 0
1750 66 34 0
1751 68 34 0
1752 70 34 0
1753 72 34 0
1754 74 34 0
1755 76 34 0
1756 78 34 0
1757 80 34 0
1758 82 34 0
1759 84 34 0
1760 86 34 0
1761 88 34 0
1762 90 34 0
1763 92 34 0
1764 94 34 0
1765 96 34 0
1766 98 34 0
1767 100 34 0
1768 102 34 0
1769 104 34 0
1770 106 34 0
1771 108 34 0
1772 110 34 0
1773 112 34 0
1774 114 34 0
1775 116 34 0
1776 118 34 0
1777 120 34 0
1778 122 34 0
1779 124 34 0
1780 126 34 0
1781 128 34 0
1782 130 34 0
1783 132 34 0
1784 134 34 0
1785 136 34 0
1786 138 34 0
1787 140 34 0
1788 142 34 0
1789 144 34 0
1790 146 34 0
1791 148 34 0
1792 150 34 0
1793 152 34 0
1794 154 34 0
1795 156 34 0
1796 158 34 0
1797 160 34 0
1798 162 34 0
1799 164 34 0
1800 166 34 0
1801 168 34 0
1802 170 34 0
1803 172 34 0
1804 174 34 0
1805 176 34 0
1806 178 34 0
1807 180 34 0
1808 182 34 0
1809 184 34 0
1810 186 34 0
1811 188 34 0
1812 190 34 0
1813 192 34 0
1814 194 34 0
1815 196 34 0
1816 198 34 0
1817 200 34 0
1818 0 36 0
1819 2 36 0
1820 4 36 0
1821 6 36 0
1822 8 36 0
1823 10 36 0
1824 12 36 0
1825 14 36 0
1826 16 36 0
1827 18 36 0
1828 20 36 0
1829 22 36 0
1830 24 36 0
1831 26 36 0
1832 28 36 0
1833 30 36 0
1834 32 36 0
1835 34 36 0
1836 36 36 0
1837 38 36 0
1838 40 36 0
1839 42 36 0
1840 44 36 0
1841 46 36 0
1842 48 36 0
1843 50 36 0
1844 52 36 0
1845 54 36 0
1846 56 36 0
1847 58 36 0
1848 60 36 0
1849 62 36 0
1850 64 36 0
1851 66 36 0
1852 68 36 0
1853 70 36 0
1854 72 36 0
1855 74 36 0
1856 76 36 0
1857 78 36 0
1858 80 36 0
1859 82 36 0
1860 84 36 0
1861 86 36 0
1862 88 36 0
1863 90 36 0
1864 92 36 0
1865 94 36 0
1866 96 36 0
1867 98 36 0
1868 100 36 0
1869 102 36 0
1870 104 36 0
1871 106 36 0
1872 108 36 0
1873 110 36 0
1874 112 36 0
1875 114 36 0
1876 116 36 0
1877 118 36 0
1878 120 36 0
1879 122 36 0
1880 124 36 0
1881 126 36 0
1882 128 36 0
1883 130 36 0
1884 132 36 0
1885 134 36 0
1886 136 36 0
1887 138 36 0
1888 140 36 0
1889 142 36 0
1890 144 36 0
1891 146 36 0
1892 148 36 0
1893 150 36 0
1894 152 36 0
1895 154 36 0
1896 156 36 0
1897 158 36 0
1898 160 36 0
1899 162 36 0
1900 164 36 0
1901 166 36 0
1902 168 36 0
1903 170 36 0
1904 172 36 0
1905 174 36 0
1906 176 36 0
1907 178 36 0
1908 180 36 0
1909 182 36 0
1910 184 36 0
1911 186 36 0
1912 188 36 0
1913 190 36 0
1914 192 36 0
1915 194 36 0
1916 196 36 0
1917 198 36 0
1918 200 36 0
1919 0 38 0
1920 2 38 0
1921 4 38 0
1922 6 38 0
1923 8 38 0
1924 10 38 0
1925 12 38 0
1926 14 38 0
1927 16 38 0
1928 18 38 0
1929 20 38 0
1930 22 38 0
1931 24 38 0
1932 26 38 0
1933 28 38 0
1934 30 38 0
1935 32 38 0
1936 34 38 0
1937 36 38 0
1938 38 38 0
1939 40 38 0
1940 42 38 0
1941 44 38 0
1942 46 38 0
1943 48 38 0
1944 50 38 0
1945 52 38 0
1946 54 38 0
1947 56 38 0
1948 58 38 0
1949 60 38 0
1950 62 38 0
1951 64 38 0
1952 66 38 0
1953 68 38 0
1954 70 38 0
1955 72 38 0
1956 74 38 0
1957 76 38 0
1958 78 38 0
1959 80 38 0
1960 82 38 0
1961 84 38 0
1962 86 38 0
1963 88 38 0
1964 90 38 0
1965 92 38 0
1966 94 38 0
1967 96 38 0
1968 98 38 0
1969 100 38 0
1970 102 38 0
1971 104 38 0
1972 106 38 0
1973 108 38 0
1974 110 38 0
1975 112 38 0
1976 114 38 0
1977 116 38 0
1978 118 38 0
1979 120 38 0
1980 122 38 0
1981 124 38 0
1982 126 38 0
1983 128 38 0
1984 130 38 0
1985 132 38 0
1986 134 38 0
1987 136 38 0
1988 138 38 0
1989 140 38 0
1990 142 38 0
1991 144 38 0
1992 146 38 0
1993 148 38 0
1994 150 38 0
1995 152 38 0
1996 154 38 0
1997 156 38 0
1998 158 38 0
1999 160 38 0
2000 162 38 0
2001 164 38 0
2002 166 38 0
2003 168 38 0
2004 170 38 0
2005 172 38 0
2006 174 38 0
2007 176 38 0
2008 178 38 0
2009 180 38 0
2010 182 38 0
2011 184 38 0
2012 186 38 0
2013 188 38 0
2014 190 38 0
2015 192 38 0
2016 194 38 0
2017 196 38 0
2018 198 38 0
2019 200 38 0
2020 0 40 0
2021 2 40 0
2022 4 40 0
2023 6 40 0
2024 8 40 0
2025 10 40 0
2026 12 40 0
2027 14 40 0
2028 16 40 0
2029 18 40 0
2030 20 40 0
2031 22 40 0
2032 24 40 0
2033 26 40 0
2034 28 40 0
2035 30 40 0
2036 32 40 0
2037 34 40 0
2038 36 40 0
2039 38 40 0
2040 40 40 0
2041 42 40 0
2042 44 40 0
2043 46 40 0
2044 48 40 0
2045 50 40 0
2046 52 40 0
2047 54 40 0
2048 56 40 0
2049 58 40 0
2050 60 40 0
2051 62 40 0
2052 64 40 0
2053 66 40 0
2054 68 40 0
2055 70 40 0
2056 72 40 0
2057 74 40 0
2058 76 40 0
2059 78 40 0
2060 80 40 0
2061 82 40 0
2062 84 40 0
2063 86 40 0
2064 88 40 0
2065 90 40 0
2066 92 40 0
2067 94 40 0
2068 96 40 0
2069 98 40 0
2070 100 40 0
2071 102 40 0
2072 104 40 0
2073 106 40 0
2074 108 40 0
2075 110 40 0
2076 112 40 0
2077 114 40 0
2078 116 40 0
2079 118 40 0
2080 120 40 0
2081 122 40 0
2082 124 40 0
2083 126 40 0
2084 128 40 0
2085 130 40 0
2086 132 40 0
2087 134 40 0
2088 136 40 0
2089 138 40 0
2090 140 40 0
2091 142 40 0
2092 144 40 0
2093 146 40 0
2094 148 40 0
2095 150 40 0
2096 152 40 0
2097 154 40 0
2098 156 40 0
2099 158 40 0
2100 160 40 0
2101 162 40 0
2102 164 40 0
2103 166 40 0
2104 168 40 0
2105 170 40 0
2106 172 40 0
2107 174 40 0
2108 176 40 0
2109 178 40 0
2110 180 40 0
2111 182 40 0
2112 184 40 0
2113 186 40 0
2114 188 40 0
2115 190 40 0
2116 192 40 0
2117 194 40 0
2118 196 40 0
2119 198 40 0
2120 200 40 0
2121 0 42 0
2122 2 42 0
2123 4 42 0
2124 6 42 0
2125 8 42 0
2126 10 42 0
2127 12 42 0
2128 14 42 0
2129 16 42 0
2130 18 42 0
2131 20 42 0
2132 22 42 0
2133 24 42 0
2134 26 42 0
2135 28 42 0
2136 30 42 0
2137 32 42 0
2138 34 42 0
2139 36 42 0
2140 38 42 0
2141 40 42 0
2142 42 42 0
2143 44 42 0
2144 46 42 0
2145 48 42 0
2146 50 42 0
2147 52 42 0
2148 54 42 0
2149 56 42 0
2150 58 42 0
2151 60 42 0
2152 62 42 0
2153 64 42 0
2154 66 42 0
2155 68 42 0
2156 70 42 0
2157 72 42 0
2158 74 42 0
2159 76 42 0
2160 78 42 0
2161 80 42 0
2162 82 42 0
2163 84 42 0
2164 86 42 0
2165 88 42 0
2166 90 42 0
2167 92 42 0
2168 94 42 0
2169 96 42 0
2170 98 42 0
2171 100 42 0
2172 102 42 0
2173 104 42 0
2174 106 42 0
2175 108 42 0
2176 110 42 0
2177 112 42 0
2178 114 42 0
2179 116 42 0
2180 118 42 0
2181 120 42 0
2182 122 42 0
2183 124 42 0
2184 126 42 0
2185 128 42 0
2186 130 42 0
2187 132 42 0
2188 134 42 0
2189 136 42 0
2190 138 42 0
2191 140 42 0
2192 142 42 0
2193 144 42 0
2194 146 42 0
2195 148 42 0
2196 150 42 0
2197 152 42 0
2198 154 42 0
2199 156 42 0
2200 158 42 0
2201 160 42 0
2202 162 42 0
2203 164 42 0
2204 166 42 0
2205 168 42 0
2206 170 42 0
2207 172 42 0
2208 174 42 0
2209 176 42 0
2210 178 42 0
2211 180 42 0
2212 182 42 0
2213 184 42 0
2214 186 42 0
2215 188 42 0
2216 190 42 0
2217 192 42 0
2218 194 42 0
2219 196 42 0
2220 198 42 0
2221 200 42 0
2222 0 44 0
2223 2 44 0
2224 4 44 0
2225 6 44 0
2226 8 44 0
2227 10 44 0
2228 12 44 0
2229 14 44 0
2230 16 44 0
2231 18 44 0
2232 20 44 0
2233 22 44 0
2234 24 44 0
2235 26 44 0
2236 28 44 0
2237 30 44 0
2238 32 44 0
2239 34 44 0
2240 36 44 0
2241 38 44 0
2242 40 44 0
2243 42 44 0
2244 44 44 0
2245 46 44 0
2246 48 44 0
2247 50 44 0
2248 52 44 0
2249 54 44 0
2250 56 44 0
2251 58 44 0
2252 60 44 0
2253 62 44 0
2254 64 44 0
2255 66 44 0
2256 68 44 0
2257 70 44 0
2258 72 44 0
2259 74 44 0
2260 76 44 0
2261 78 44 0
2262 80 44 0
2263 82 44 0
2264 84 44 0
2265 86 44 0
2266 88 44 0
2267 90 44 0
2268 92 44 0
2269 94 44 0
2270 96 44 0
2271 98 44 0
2272 100 44 0
2273 102 44 0
2274 104 44 0
2275 106 44 0
2276 108 44 0
2277 110 44 0
2278 112 44 0
2279 114 44 0
2280 116 44 0
2281 118 44 0
2282 120 44 0
2283 122 44 0
2284 124 44 0
2285 126 44 0
2286 128 44 0
2287 130 44 0
2288 132 44 0
2289 134 44 0
2290 136 44 0
2291 138 44 0
2292 140 44 0
2293 142 44 0
2294 144 44 0
2295 146 44 0
2296 148 44 0
2297 150 44 0
2298 152 44 0
2299 154 44 0
2300 156 44 0
2301 158 44 0
2302 160 44 0
2303 162 44 0
2304 164 44 0
2305 166 44 0
2306 168 44 0
2307 170 44 0
2308 172 44 0
2309 174 44 0
2310 176 44 0
2311 178 44 0
2312 180 44 0
2313 182 44 0
2314 184 44 0
2315 186 44 0
2316 188 44 0
2317 190 44 0
2318 192 44 0
2319 194 44 0
2320 196 44 0
2321 198 44 0
2322 200 44 0
2323 0 46 0
2324 2 46 0
2325 4 46 0
2326 6 46 0
2327 8 46 0
2328 10 46 0
2329 12 46 0
2330 14 46 0
2331 16 46 0
2332 18 46 0
2333 20 46 0
2334 22 46 0
2335 24 46 0
2336 26 46 0
2337 28 46 0
2338 30 46 0
2339 32 46 0
2340 34 46 0
2341 36 46 0
2342 38 46 0
2343 40 46 0
2344 42 46 0
2345 44 46 0
2346 46 46 0
2347 48 46 0
2348 50 46 0
2349 52 46 0
2350 54 46 0
2351 56 46 0
2352 58 46 0
2353 60 46 0
2354 62 46 0
2355 64 46 0
2356 66 46 0
2357 68 46 0
2358 70 46 0
2359 72 46 0
2360 74 46 0
2361 76 46 0
2362 78 46 0
2363 80 46 0
2364 82 46 0
2365 84 46 0
2366 86 46 0
2367 88 46 0
2368 90 46 0
2369 92 46 0
2370 94 46 0
2371 96 46 0
2372 98 46 0
2373 100 46 0
2374 102 46 0
2375 104 46 0
2376 106 46 0
2377 108 46 0
2378 110 46 0
2379 112 46 0
2380 114 46 0
2381 116 46 0
2382 118 46 0
2383 120 46 0
2384 122 46 0
2385 124 46 0
2386 126 46 0
2387 128 46 0
2388 130 46 0
2389 132 46 0
2390 134 46 0
2391 136 46 0
2392 138 46 0
2393 140 46 0
2394 142 46 0
2395 144 46 0
2396 146 46 0
2397 148 46 0
2398 150 46 0
2399 152 46 0
2400 154 46 0
2401 156 46 0
2402 158 46 0
2403 160 46 0
2404 162 46 0
2405 164 46 0
2406 166 46 0
2407 168 46 0
2408 170 46 0
2409 172 46 0
2410 174 46 0
2411 176 46 0
2412 178 46 0
2413 180 46 0
2414 182 46 0
2415 184 46 0
2416 186 46 0
2417 188 46 0
2418 190 46 0
2419 192 46 0
2420 194 46 0
2421 196 46 0
2422 198 46 0
2423 200 46 0
2424 0 48 0
2425 2 48 0
2426 4 48 0
2427 6 48 0
2428 8 48 0
2429 10 48 0
2430 12 48 0
2431 14 48 0
2432 16 48 0
2433 18 48 0
2434 20 48 0
2435 22 48 0
2436 24 48 0
2437 26 48 0
2438 28 48 0
2439 30 48 0
2440 32 48 0
2441 34 48 0
2442 36 48 0
2443 38 48 0
2444 40 48 0
2445 42 48 0
2446 44 48 0
2447 46 48 0
2448 48 48 0
2449 50 48 0
2450 52 48 0
2451 54 48 0
2452 56 48 0
2453 58 48 0
2454 60 48 0
2455 62 48 0
2456 64 48 0
2457 66 48 0
2458 68 48 0
2459 70 48 0
2460 72 48 0
2461 74 48 0
2462 76 48 0
2463 78 48 0
2464 80 48 0
2465 82 48 0
2466 84 48 0
2467 86 48 0
2468 88 48 0
2469 90 48 0
2470 92 48 0
2471 94 48 0
2472 96 48 0
2473 98 48 0
2474 100 48 0
2475 102 48 0
2476 104 48 0
2477 106 48 0
2478 108 48 0
2479 110 48 0
2480 112 48 0
2481 114 48 0
2482 116 48 0
2483 118 48 0
2484 120 48 0
2485 122 48 0
2486 124 48 0
2487 126 48 0
2488 128 48 0
2489 130 48 0
2490 132 48 0
2491 134 48 0
2492 136 48 0
2493 138 48 0
2494 140 48 0
2495 142 48 0
2496 144 48 0
2497 146 48 0
2498 148 48 0
2499 150 48 0
2500 152 48 0
2501 154 48 0
2502 156 48 0
2503 158 48 0
2504 160 48 0
2505 162 48 0
2506 164 48 0
2507 166 48 0
2508 168 48 0
2509 170 48 0
2510 172 48 0
2511 174 48 0
2512 176 48 0
2513 178 48 0
2514 180 48 0
2515 182 48 0
2516 184 48 0
2517 186 48 0
2518 188 48 0
2519 190 48 0
2520 192 48 0
2521 194 48 0
2522 196 48 0
2523 198 48 0
2524 200 48 0
2525 0 50 0
2526 2 50 0
2527 4 50 0
2528 6 50 0
2529 8 50 0
2530 10 50 0
2531 12 50 0
2532 14 50 0
2533 16 50 0
2534 18 50 0
2535 20 50 0
2536 22 50 0
2537 24 50 0
2538 26 50 0
2539 28 50 0
2540 30 50 0
2541 32 50 0
2542 34 50 0
2543 36 50 0
2544 38 50 0
2545 40 50 0
2546 42 50 0
2547 44 50 0
2548 46 50 0
2549 48 50 0
2550 50 50 0
2551 52 50 0
2552 54 50 0
2553 56 50 0
2554 58 50 0
2555 60 50 0
2556 62 50 0
2557 64 50 0
2558 66 50 0
2559 68 50 0
2560 70 50 0
2561 72 50 0
2562 74 50 0
2563 76 50 0
2564 78 50 0
2565 80 50 0
2566 82 50 0
2567 84 50 0
2568 86 50 0
2569 88 50 0
2570 90 50 0
2571 92 50 0
2572 94 50 0
2573 96 50 0
2574 98 50 0
2575 100 50 0
2576 102 50 0
2577 104 50 0
2578 106 50 0
2579 108 50 0
2580 110 50 0
2581 112 50 0
2582 114 50 0
2583 116 50 0
2584 118 50 0
2585 120 50 0
2586 122 50 0
2587 124 50 0
2588 126 50 0
2589 128 50 0
2590 130 50 0
2591 132 50 0
2592 134 50 0
2593 136 50 0
2594 138 50 0
2595 140 50 0
2596 142 50 0
2597 144 50 0
2598 146 50 0
2599 148 50 0
2600 150 50 0
2601 152 50 0
2602 154 50 0
2603 156 50 0
2604 158 50 0
2605 160 50 0
2606 162 50 0
2607 164 50 0
2608 166 50 0
2609 168 50 0
2610 170 50 0
2611 172 50 0
2612 174 50 0
2613 176 50 0
2614 178 50 0
2615 180 50 0
2616 182 50 0
2617 184 50 0
2618 186 50 0
2619 188 50 0
2620 190 50 0
2621 192 50 0
2622 194 50 0
2623 196 50 0
2624 198 50 0
2625 200 50 0
2626 0 52 0
2627 2 52 0
2628 4 52 0
2629 6 52 0
2630 8 52 0
2631 10 52 0
2632 12 52 0
2633 14 52 0
2634 16 52 0
2635 18 52 0
2636 20 52 0
2637 22 52 0
2638 24 52 0
2639 26 52 0
2640 28 52 0
2641 30 52 0
2642 32 52 0
2643 34 52 0
2644 36 52 0
2645 38 52 0
2646 40 52 0
2647 42 52 0
2648 44 52 0
2649 46 52 0
2650 48 52 0
2651 50 52 0
2652 52 52 0
2653 54 52 0
2654 56 52 0
2655 58 52 0
2656 60 52 0
2657 62 52 0
2658 64 52 0
2659 66 52 0
2660 68 52 0
2661 70 52 0
2662 72 52 0
2663 74 52 0
2664 76 52 0
2665 78 52 0
2666 80 52 0
2667 82 52 0
2668 84 52 0
2669 86 52 0
2670 88 52 0
2671 90 52 0
2672 92 52 0
2673 94 52 0
2674 96 52 0
2675 98 52 0
2676 100 52 0
2677 102 52 0
2678 104 52 0
2679 106 52 0
2680 108 52 0
2681 110 52 0
2682 112 52 0
2683 114 52 0
2684 116 52 0
2685 118 52 0
2686 120 52 0
2687 122 52 0
2688 124 52 0
2689 126 52 0
2690 128 52 0
2691 130 52 0
2692 132 52 0
2693 134 52 0
2694 136 52 0
2695 138 52 0
2696 140 52 0
2697 142 52 0
2698 144 52 0
2699 146 52 0
2700 148 52 0
2701 150 52 0
2702 152 52 0
2703 154 52 0
2704 156 52 0
2705 158 52 0
2706 160 52 0
2707 162 52 0
2708 164 52 0
2709 166 52 0
2710 168 52 0
2711 170 52 0
2712 172 52 0
2713 174 52 0
2714 176 52 0
2715 178 52 0
2716 180 52 0
2717 182 52 0
2718 184 52 0
2719 186 52 0
2720 188 52 0
2721 190 52 0
2722 192 52 0
2723 194 52 0
2724 196 52 0
2725 198 52 0
2726 200 52 0
2727 0 54 0
2728 2 54 0
2729 4 54 0
2730 6 54 0
2731 8 54 0
2732 10 54 0
2733 12 54 0
2734 14 54 0
2735 16 54 0
2736 18 54 0
2737 20 54 0
2738 22 54 0
2739 24 54 0
2740 26 54 0
2741 28 54 0
2742 30 54 0
2743 32 54 0
2744 34 54 0
2745 36 54 0
2746 38 54 0
2747 40 54 0
2748 42 54 0
2749 44 54 0
2750 46 54 0
2751 48 54 0
2752 50 54 0
2753 52 54 0
2754 54 54 0
2755 56 54 0
2756 58 54 0
2757 60 54 0
2758 62 54 0
2759 64 54 0
2760 66 54 0
2761 68 54 0
2762 70 54 0
2763 72 54 0
2764 74 54 0
2765 76 54 0
2766 78 54 0
2767 80 54 0
2768 82 54 0
2769 84 54 0
2770 86 54 0
2771 88 54 0
2772 90 54 0
2773 92 54 0
2774 94 54 0
2775 96 54 0
2776 98 54 0
2777 100 54 0
2778 102 54 0
2779 104 54 0
2780 106 54 0
2781 108 54 0
2782 110 54 0
2783 112 54 0
2784 114 54 0
2785 116 54 0
2786 118 54 0
2787 120 54 0
2788 122 54 0
2789 124 54 0
2790 126 54 0
2791 128 54 0
2792 130 54 0
2793 132 54 0
2794 134 54 0
2795 136 54 0
2796 138 54 0
2797 140 54 0
2798 142 54 0
2799 144 54 0
2800 146 54 0
2801 148 54 0
2802 150 54 0
2803 152 54 0
2804 154 54 0
2805 156 54 0
2806 158 54 0
2807 160 54 0
2808 162 54 0
2809 164 54 0
2810 166 54 0
2811 168 54 0
2812 170 54 0
2813 172 54 0
2814 174 54 0
2815 176 54 0
2816 178 54 0
2817 180 54 0
2818 182 54 0
2819 184 54 0
2820 186 54 0
2821 188 54 0
2822 190 54 0
2823 192 54 0
2824 194 54 0
2825 196 54 0
2826 198 54 0
2827 200 54 0
2828 0 56 0
2829 2 56 0
2830 4 56 0
2831 6 56 0
2832 8 56 0
2833 10 56 0
2834 12 56 0
2835 14 56 0
2836 16 56 0
2837 18 56 0
2838 20 56 0
2839 22 56 0
2840 24 56 0
2841 26 56 0
2842 28 56 0
2843 30 56 0
2844 32 56 0
2845 34 56 0
2846 36 56 0
2847 38 56 0
2848 40 56 0
2849 42 56 0
2850 44 56 0
2851 46 56 0
2852 48 56 0
2853 50 56 0
2854 52 56 0
2855 54 56 0
2856 56 56 0
2857 58 56 0
2858 60 56 0
2859 62 56 0
2860 64 56 0
2861 66 56 0
2862 68 56 0
2863 70 56 0
2864 72 56 0
2865 74 56 0
2866 76 56 0
2867 78 56 0
2868 80 56 0
2869 82 56 0
2870 84 56 0
2871 86 56 0
2872 88 56 0
2873 90 56 0
2874 92 56 0
2875 94 56 0
2876 96 56 0
2877 98 56 0
2878 100 56 0
2879 102 56 0
2880 104 56 0
2881 106 56 0
2882 108 56 0
2883 110 56 0
2884 112 56 0
2885 114 56 0
2886 116 56 0
2887 118 56 0
2888 120 56 0
2889 122 56 0
2890 124 56 0
2891 126 56 0
2892 128 56 0
2893 130 56 0
2894 132 56 0
2895 134 56 0
2896 136 56 0
2897 138 56 0
2898 140 56 0
2899 142 56 0
2900 144 56 0
2901 146 56 0
2902 148 56 0
2903 150 56 0
2904 152 56 0
2905 154 56 0
2906 156 56 0
2907 158 56 0
2908 160 56 0
2909 162 56 0
2910 164 56 0
2911 166 56 0
2912 168 56 0
2913 170 56 0
2914 172 56 0
2915 174 56 0
2916 176 56 0
2917 178 56 0
2918 180 56 0
2919 182 56 0
2920 184 56 0
2921 186 56 0
2922 188 56 0
2923 190 56 0
2924 192 56 0
2925 194 56 0
2926 196 56 0
2927 198 56 0
2928 200 56 0
2929 0 58 0
2930 2 58 0
2931 4 58 0
2932 6 58 0
2933 8 58 0
2934 10 58 0
2935 12 58 0
2936 14 58 0
2937 16 58 0
2938 18 58 0
2939 20 58 0
2940 22 58 0
2941 24 58 0
2942 26 58 0
2943 28 58 0
2944 30 58 0
2945 32 58 0
2946 34 58 0
2947 36 58 0
2948 38 58 0
2949 40 58 0
2950 42 58 0
2951 44 58 0
2952 46 58 0
2953 48 58 0
2954 50 58 0
2955 52 58 0
2956 54 58 0
2957 56 58 0
2958 58 58 0
2959 60 58 0
2960 62 58 0
2961 64 58 0
2962 66 58 0
2963 68 58 0
2964 70 58 0
2965 72 58 0
2966 74 58 0
2967 76 58 0
2968 78 58 0
2969 80 58 0
2970 82 58 0
2971 84 58 0
2972 86 58 0
2973 88 58 0
2974 90 58 0
2975 92 58 0
2976 94 58 0
2977 96 58 0
2978 98 58 0
2979 100 58 0
2980 102 58 0
2981 104 58 0
2982 106 58 0
2983 108 58 0
2984 110 58 0
2985 112 58 0
2986 114 58 0
2987 116 58 0
2988 118 58 0
2989 120 58 0
2990 122 58 0
2991 124 58 0
2992 126 58 0
2993 128 58 0
2994 130 58 0
2995 132 58 0
2996 134 58 0
2997 136 58 0
2998 138 58 0
2999 140 58 0
3000 142 58 0
3001 144 58 0
3002 146 58 0
3003 148 58 0
3004 150 58 0
3005 152 58 0
3006 154 58 0
3007 156 58 0
3008 158 58 0
3009 160 58 0
3010 162 58 0
3011 164 58 0
3012 166 58 0
3013 168 58 0
3014 170 58 0
3015 172 58 0
3016 174 58 0
3017 176 58 0
3018 178 58 0
3019 180 58 0
3020 182 58 0
3021 184 58 0
3022 186 58 0
3023 188 58 0
3024 190 58 0
3025 192 58 0
3026 194 58 0
3027 196 58 0
3028 198 58 0
3029 200 58 0
3030 0 60 0
3031 2 60 0
3032 4 60 0
3033 6 60 0
3034 8 60 0
3035 10 60 0
3036 12 60 0
3037 14 60 0
3038 16 60 0
3039 18 60 0
3040 20 60 0
3041 22 60 0
3042 24 60 0
3043 26 60 0
3044 28 60 0
3045 30 60 0
3046 32 60 0
3047 34 60 0
3048 36 60 0
3049 38 60 0
3050 40 60 0
3051 42 60 0
3052 44 60 0
3053 46 60 0
3054 48 60 0
3055 50 60 0
3056 52 60 0
3057 54 60 0
3058 56 60 0
3059 58 60 0
3060 60 60 0
3061 62 60 0
3062 64 60 0
3063 66 60 0
3064 68 60 0
3065 70 60 0
3066 72 60 0
3067 74 60 0
3068 76 60 0
3069 78 60 0
3070 80 60 0
3071 82 60 0
3072 84 60 0
3073 86 60 0
3074 88 60 0
3075 90 60 0
3076 92 60 0
3077 94 60 0
3078 96 60 0
3079 98 60 0
3080 100 60 0
3081 102 60 0
3082 104 60 0
3083 106 60 0
3084 108 60 0
3085 110 60 0
3086 112 60 0
3087 114 60 0
3088 116 60 0
3089 118 60 0
3090 120 60 0
3091 122 60 0
3092 124 60 0
3093 126 60 0
3094 128 60 0
3095 130 60 0
3096 132 60 0
3097 134 60 0
3098 136 60 0
3099 138 60 0
3100 140 60 0
3101 142 60 0
3102 144 60 0
3103 146 60 0
3104 148 60 0
3105 150 60 0
3106 152 60 0
3107 154 60 0
3108 156 60 0
3109 158 60 0
3110 160 60 0
3111 162 60 0
3112 164 60 0
3113 166 60 0
3114 168 60 0
3115 170 60 0
3116 172 60 0
3117 174 60 0
3118 176 60 0
3119 178 60 0
3120 180 60 0
3121 182 60 0
3122 184 60 0
3123 186 60 0
3124 188 60 0
3125 190 60 0
3126 192 60 0
3127 194 60 0
3128 196 60 0
3129 198 60 0
3130 200 60 0
3131 0 62 0
3132 2 62 0
3133 4 62 0
3134 6 62 0
3135 8 62 0
3136 10 62 0
3137 12 62 0
3138 14 62 0
3139 16 62 0
3140 18 62 0
3141 20 62 0
3142 22 62 0
3143 24 62 0
3144 26 62 0
3145 28 62 0
3146 30 62 0
3147 32 62 0
3148 34 62 0
3149 36 62 0
3150 38 62 0
3151 40 62 0
3152 42 62 0
3153 44 62 0
3154 46 62 0
3155 48 62 0
3156 50 62 0
3157 52 62 0
3158 54 62 0
3159 56 62 0
3160 58 62 0
3161 60 62 0
3162 62 62 0
3163 64 62 0
3164 66 62 0
3165 68 62 0
3166 70 62 0
3167 72 62 0
3168 74 62 0
3169 76 62 0
3170 78 62 0
3171 80 62 0
3172 82 62 0
3173 84 62 0
3174 86 62 0
3175 88 62 0
3176 90 62 0
3177 92 62 0
3178 94 62 0
3179 96 62 0
3180 98 62 0
3181 100 62 0
3182 102 62 0
3183 104 62 0
3184 106 62 0
3185 108 62 0
3186 110 62 0
3187 112 62 0
3188 114 62 0
3189 116 62 0
3190 118 62 0
3191 120 62 0
3192 122 62 0
3193 124 62 0
3194 126 62 0
3195 128 62 0
3196 130 62 0
3197 132 62 0
3198 134 62 0
3199 136 62 0
3200 138 62 0
3201 140 62 0
3202 142 62 0
3203 144 62 0
3204 146 62 0
3205 148 62 0
3206 150 62 0
3207 152 62 0
3208 154 62 0
3209 156 62 0
3210 158 62 0
3211 160 62 0
3212 162 62 0
3213 164 62 0
3214 166 62 0
3215 168 62 0
3216 170 62 0
3217 172 62 0
3218 174 62 0
3219 176 62 0
3220 178 62 0
3221 180 62 0
3222 182 62 0
3223 184 62 0
3224 186 62 0
3225 188 62 0
3226 190 62 0
3227 192 62 0
3228 194 62 0
3229 196 62 0
3230 198 62 0
3231 200 62 0
3232 0 64 0
3233 2 64 0
3234 4 64 0
3235 6 64 0
3236 8 64 0
3237 10 64 0
3238 12 64 0
3239 14 64 0
3240 16 64 0
3241 18 64 0
3242 20 64 0
3243 22 64 0
3244 24 64 0
3245 26 64 0
3246 28 64 0
3247 30 64 0
3248 32 64 0
3249 34 64 0
3250 36 64 0
3251 38 64 0
3252 40 64 0
3253 42 64 0
3254 44 64 0
3255 46 64 0
3256 48 64 0
3257 50 64 0
3258 52 64 0
3259 54 64 0
3260 56 64 0
3261 58 64 0
3262 60 64 0
3263 62 64 0
3264 64 64 0
3265 66 64 0
3266 68 64 0
3267 70 64 0
3268 72 64 0
3269 74 64 0
3270 76 64 0
3271 78 64 0
3272 80 64 0
3273 82 64 0
3274 84 64 0
3275 86 64 0
3276 88 64 0
3277 90 64 0
3278 92 64 0
3279 94 64 0
3280 96 64 0
3281 98 64 0
3282 100 64 0
3283 102 64 0
3284 104 64 0
3285 106 64 0
3286 108 64 0
3287 110 64 0
3288 112 64 0
3289 114 64 0
3290 116 64 0
3291 118 64 0
3292 120 64 0
3293 122 64 0
3294 124 64 0
3295 126 64 0
3296 128 64 0
3297 130 64 0
3298 132 64 0
3299 134 64 0
3300 136 64 0
3301 138 64 0
3302 140 64 0
3303 142 64 0
3304 144 64 0
3305 146 64 0
3306 148 64 0
3307 150 64 0
3308 152 64 0
3309 154 64 0
3310 156 64 0
3311 158 64 0
3312 160 64 0
3313 162 64 0
3314 164 64 0
3315 166 64 0
3316 168 64 0
3317 170 64 0
3318 172 64 0
3319 174 64 0
3320 176 64 0
3321 178 64 0
3322 180 64 0
3323 182 64 0
3324 184 64 0
3325 186 64 0
3326 188 64 0
3327 190 64 0
3328 192 64 0
3329 194 64 0
3330 196 64 0
3331 198 64 0
3332 200 64 0
3333 0 66 0
3334 2 66 0
3335 4 66 0
3336 6 66 0
3337 8 66 0
3338 10 66 0
3339 12 66 0
3340 14 66 0
3341 16 66 0
3342 18 66 0
3343 20 66 0
3344 22 66 0
3345 24 66 0
3346 26 66 0
3347 28 66 0
3348 30 66 0
3349 32 66 0
3350 34 66 0
3351 36 66 0
3352 38 66 0
3353 40 66 0
3354 42 66 0
3355 44 66 0
3356 46 66 0
3357 48 66 0
3358 50 66 0
3359 52 66 0
3360 54 66 0
3361 56 66 0
3362 58 66 0
3363 60 66 0
3364 62 66 0
3365 64 66 0
3366 66 66 0
3367 68 66 0
3368 70 66 0
3369 72 66 0
3370 74 66 0
3371 76 66 0
3372 78 66 0
3373 80 66 0
3374 82 66 0
3375 84 66 0
3376 86 66 0
3377 88 66 0
3378 90 66 0
3379 92 66 0
3380 94 66 0
3381 96 66 0
3382 98 66 0
3383 100 66 0
3384 102 66 0
3385 104 66 0
3386 106 66 0
3387 108 66 0
3388 110 66 0
3389 112 66 0
3390 114 66 0
3391 116 66 0
3392 118 66 0
3393 120 66 0
3394 122 66 0
3395 124 66 0
3396 126 66 0
3397 128 66 0
3398 130 66 0
3399 132 66 0
3400 134 66 0
3401 136 66 0
3402 138 66 0
3403 140 66 0
3404 142 66 0
3405 144 66 0
3406 146 66 0
3407 148 66 0
3408 150 66 0
3409 152 66 0
3410 154 66 0
3411 156 66 0
3412 158 66 0
3413 160 66 0
3414 162 66 0
3415 164 66 0
3416 166 66 0
3417 168 66 0
3418 170 66 0
3419 172 66 0
3420 174 66 0
3421 176 66 0
3422 178 66 0
3423 180 66 0
3424 182 66 0
3425 184 66 0
3426 186 66 0
3427 188 66 0
3428 190 66 0
3429 192 66 0
3430 194 66 0
3431 196 66 0
3432 198 66 0
3433 200 66 0
3434 0 68 0
3435 2 68 0
3436 4 68 0
3437 6 68 0
3438 8 68 0
3439 10 68 0
3440 12 68 0
3441 14 68 0
3442 16 68 0
3443 18 68 0
3444 20 68 0
3445 22 68 0
3446 24 68 0
3447 26 68 0
3448 28 68 0
3449 30 68 0
3450 32 68 0
3451 34 68 0
3452 36 68 0
3453 38 68 0
3454 40 68 0
3455 42 68 0
3456 44 68 0
3457 46 68 0
3458 48 68 0
3459 50 68 0
3460 52 68 0
3461 54 68 0
3462 56 68 0
3463 58 68 0
3464 60 68 0
3465 62 68 0
3466 64 68 0
3467 66 68 0
3468 68 68 0
3469 70 68 0
3470 72 68 0
3471 74 68 0
3472 76 68 0
3473 78 68 0
3474 80 68 0
3475 82 68 0
3476 84 68 0
3477 86 68 0
3478 88 68 0
3479 90 68 0
3480 92 68 0
3481 94 68 0
3482 96 68 0
3483 98 68 0
3484 100 68 0
3485 102 68 0
3486 104 68 0
3487 106 68 0
3488 108 68 0
3489 110 68 0
3490 112 68 0
3491 114 68 0
3492 116 68 0
3493 118 68 0
3494 120 68 0
3495 122 68 0
3496 124 68 0
3497 126 68 0
3498 128 68 0
3499 130 68 0
3500 132 68 0
3501 134 68 0
3502 136 68 0
3503 138 68 0
3504 140 68 0
3505 142 68 0
3506 144 68 0
3507 146 68 0
3508 148 68 0
3509 150 68 0
3510 152 68 0
3511 154 68 0
3512 156 68 0
3513 158 68 0
3514 160 68 0
3515 162 68 0
3516 164 68 0
3517 166 68 0
3518 168 68 0
3519 170 68 0
3520 172 68 0
3521 174 68 0
3522 176 68 0
3523 178 68 0
3524 180 68 0
3525 182 68 0
3526 184 68 0
3527 186 68 0
3528 188 68 0
3529 190 68 0
3530 192 68 0
3531 194 68 0
3532 196 68 0
3533 198 68 0
3534 200 68 0
3535 0 70 0
3536 2 70 0
3537 4 70 0
3538 6 70 0
3539 8 70 0
3540 10 70 0
3541 12 70 0
3542 14 70 0
3543 16 70 0
3544 18 70 0
3545 20 70 0
3546 22 70 0
3547 24 70 0
3548 26 70 0
3549 28 70 0
3550 30 70 0
3551 32 70 0
3552 34 70 0
3553 36 70 0
3554 38 70 0
3555 40 70 0
3556 42 70 0
3557 44 70 0
3558 46 70 0
3559 48 70 0
3560 50 70 0
3561 52 70 0
3562 54 70 0
3563 56 70 0
3564 58 70 0
3565 60 70 0
3566 62 70 0
3567 64 70 0
3568 66 70 0
3569 68 70 0
3570 70 70 0
3571 72 70 0
3572 74 70 0
3573 76 70 0
3574 78 70 0
3575 80 70 0
3576 82 70 0
3577 84 70 0
3578 86 70 0
3579 88 70 0
3580 90 70 0
3581 92 70 0
3582 94 70 0
3583 96 70 0
3584 98 70 0
3585 100 70 0
3586 102 70 0
3587 104 70 0
3588 106 70 0
3589 108 70 0
3590 110 70 0
3591 112 70 0
3592 114 70 0
3593 116 70 0
3594 118 70 0
3595 120 70 0
3596 122 70 0
3597 124 70 0
3598 126 70 0
3599 128 70 0
3600 130 70 0
3601 132 70 0
3602 134 70 0
3603 136 70 0
3604 138 70 0
3605 140 70 0
3606 142 70 0
3607 144 70 0
3608 146 70 0
3609 148 70 0
3610 150 70 0
3611 152 70 0
3612 154 70 0
3613 156 70 0
3614 158 70 0
3615 160 70 0
3616 162 70 0
3617 164 70 0
3618 166 70 0
3619 168 70 0
3620 170 70 0
3621 172 70 0
3622 174 70 0
3623 176 70 0
3624 178 70 0
3625 180 70 0
3626 182 70 0
3627 184 70 0
3628 186 70 0
3629 188 70 0
3630 190 70 0
3631 192 70 0
3632 194 70 0
3633 196 70 0
3634 198 70 0
3635 200 70 0
3636 0 72 0
3637 2 72 0
3638 4 72 0
3639 6 72 0
3640 8 72 0
3641 10 72 0
3642 12 72 0
3643 14 72 0
3644 16 72 0
3645 18 72 0
3646 20 72 0
3647 22 72 0
3648 24 72 0
3649 26 72 0
3650 28 72 0
3651 30 72 0
3652 32 72 0
3653 34 72 0
3654 36 72 0
3655 38 72 0
3656 40 72 0
3657 42 72 0
3658 44 72 0
3659 46 72 0
3660 48 72 0
3661 50 72 0
3662 52 72 0
3663 54 72 0
3664 56 72 0
3665 58 72 0
3666 60 72 0
3667 62 72 0
3668 64 72 0
3669 66 72 0
3670 68 72 0
3671 70 72 0
3672 72 72 0
3673 74 72 0
3674 76 72 0
3675 78 72 0
3676 80 72 0
3677 82 72 0
3678 84 72 0
3679 86 72 0
3680 88 72 0
3681 90 72 0
3682 92 72 0
3683 94 72 0
3684 96 72 0
3685 98 72 0
3686 100 72 0
3687 102 72 0
3688 104 72 0
3689 106 72 0
3690 108 72 0
3691 110 72 0
3692 112 72 0
3693 114 72 0
3694 116 72 0
3695 118 72 0
3696 120 72 0
3697 122 72 0
3698 124 72 0
3699 126 72 0
3700 128 72 0
3701 130 72 0
3702 132 72 0
3703 134 72 0
3704 136 72 0
3705 138 72 0
3706 140 72 0
3707 142 72 0
3708 144 72 0
3709 146 72 0
3710 148 72 0
3711 150 72 0
3712 152 72 0
3713 154 72 0
3714 156 72 0
3715 158 72 0
3716 160 72 0
3717 162 72 0
3718 164 72 0
3719 166 72 0
3720 168 72 0
3721 170 72 0
3722 172 72 0
3723 174 72 0
3724 176 72 0
3725 178 72 0
3726 180 72 0
3727 182 72 0
3728 184 72 0
3729 186 72 0
3730 188 72 0
3731 190 72 0
3732 192 72 0
3733 194 72 0
3734 196 72 0
3735 198 72 0
3736 200 72 0
3737 0 74 0
3738 2 74 0
3739 4 74 0
3740 6 74 0
3741 8 74 0
3742 10 74 0
3743 12 74 0
3744 14 74 0
3745 16 74 0
3746 18 74 0
3747 20 74 0
3748 22 74 0
3749 24 74 0
3750 26 74 0
3751 28 74 0
3752 30 74 0
3753 32 74 0
3754 34 74 0
3755 36 74 0
3756 38 74 0
3757 40 74 0
3758 42 74 0
3759 44 74 0
3760 46 74 0
3761 48 74 0
3762 50 74 0
3763 52 74 0
3764 54 74 0
3765 56 74 0
3766 58 74 0
3767 60 74 0
3768 62 74 0
3769 64 74 0
3770 66 74 0
3771 68 74 0
3772 70 74 0
3773 72 74 0
3774 74 74 0
3775 76 74 0
3776 78 74 0
3777 80 74 0
3778 82 74 0
3779 84 74 0
3780 86 74 0
3781 88 74 0
3782 90 74 0
3783 92 74 0
3784 94 74 0
3785 96 74 0
3786 98 74 0
3787 100 74 0
3788 102 74 0
3789 104 74 0
3790 106 74 0
3791 108 74 0
3792 110 74 0
3793 112 74 0
3794 114 74 0
3795 116 74 0
3796 118 74 0
3797 120 74 0
3798 122 74 0
3799 124 74 0
3800 126 74 0
3801 128 74 0
3802 130 74 0
3803 132 74 0
3804 134 74 0
3805 136 74 0
3806 138 74 0
3807 140 74 0
3808 142 74 0
3809 144 74 0
3810 146 74 0
3811 148 74 0
3812 150 74 0
3813 152 74 0
3814 154 74 0
3815 156 74 0
3816 158 74 0
3817 160 74 0
3818 162 74 0
3819 164 74 0
3820 166 74 0
3821 168 74 0
3822 170 74 0
3823 172 74 0
3824 174 74 0
3825 176 74 0
3826 178 74 0
3827 180 74 0
3828 182 74 0
3829 184 74 0
3830 186 74 0
3831 188 74 0
3832 190 74 0
3833 192 74 0
3834 194 74 0
3835 196 74 0
3836 198 74 0
3837 200 74 0
3838 0 76 0
3839 2 76 0
3840 4 76 0
3841 6 76 0
3842 8 76 0
3843 10 76 0
3844 12 76 0
3845 14 76 0
3846 16 76 0
3847 18 76 0
3848 20 76 0
3849 22 76 0
3850 24 76 0
3851 26 76 0
3852 28 76 0
3853 30 76 0
3854 32 76 0
3855 34 76 0
3856 36 76 0
3857 38 76 0
3858 40 76 0
3859 42 76 0
3860 44 76 0
3861 46 76 0
3862 48 76 0
3863 50 76 0
3864 52 76 0
3865 54 76 0
3866 56 76 0
3867 58 76 0
3868 60 76 0
3869 62 76 0
3870 64 76 0
3871 66 76 0
3872 68 76 0
3873 70 76 0
3874 72 76 0
3875 74 76 0
3876 76 76 0
3877 78 76 0
3878 80 76 0
3879 82 76 0
3880 84 76 0
3881 86 76 0
3882 88 76 0
3883 90 76 0
3884 92 76 0
3885 94 76 0
3886 96 76 0
3887 98 76 0
3888 100 76 0
3889 102 76 0
3890 104 76 0
3891 106 76 0
3892 108 76 0
3893 110 76 0
3894 112 76 0
3895 114 76 0
3896 116 76 0
3897 118 76 0
3898 120 76 0
3899 122 76 0
3900 124 76 0
3901 126 76 0
3902 128 76 0
3903 130 76 0
3904 132 76 0
3905 134 76 0
3906 136 76 0
3907 138 76 0
3908 140 76 0
3909 142 76 0
3910 144 76 0
3911 146 76 0
3912 148 76 0
3913 150 76 0
3914 152 76 0
3915 154 76 0
3916 156 76 0
3917 158 76 0
3918 160 76 0
3919 162 76 0
3920 164 76 0
3921 166 76 0
3922 168 76 0
3923 170 76 0
3924 172 76 0
3925 174 76 0
3926 176 76 0
3927 178 76 0
3928 180 76 0
3929 182 76 0
3930 184 76 0
3931 186 76 0
3932 188 76 0
3933 190 76 0
3934 192 76 0
3935 194 76 0
3936 196 76 0
3937 198 76 0
3938 200 76 0
3939 0 78 0
3940 2 78 0
3941 4 78 0
3942 6 78 0
3943 8 78 0
3944 10 78 0
3945 12 78 0
3946 14 78 0
3947 16 78 0
3948 18 78 0
3949 20 78 0
3950 22 78 0
3951 24 78 0
3952 26 78 0
3953 28 78 0
3954 30 78 0
3955 32 78 0
3956 34 78 0
3957 36 78 0
3958 38 78 0
3959 40 78 0
3960 42 78 0
3961 44 78 0
3962 46 78 0
3963 48 78 0
3964 50 78 0
3965 52 78 0
3966 54 78 0
3967 56 78 0
3968 58 78 0
3969 60 78 0
3970 62 78 0
3971 64 78 0
3972 66 78 0
3973 68 78 0
3974 70 78 0
3975 72 78 0
3976 74 78 0
3977 76 78 0
3978 78 78 0
3979 80 78 0
3980 82 78 0
3981 84 78 0
3982 86 78 0
3983 88 78 0
3984 90 78 0
3985 92 78 0
3986 94 78 0
3987 96 78 0
3988 98 78 0
3989 100 78 0
3990 102 78 0
3991 104 78 0
3992 106 78 0
3993 108 78 0
3994 110 78 0
3995 112 78 0
3996 114 78 0
3997 116 78 0
3998 118 78 0
3999 120 78 0
4000 122 78 0
4001 124 78 0
4002 126 78 0
4003 128 78 0
4004 130 78 0
4005 132 78 0
4006 134 78 0
4007 136 78 0
4008 138 78 0
4009 140 78 0
4010 142 78 0
4011 144 78 0
4012 146 78 0
4013 148 78 0
4014 150 78 0
4015 152 78 0
4016 154 78 0
4017 156 78 0
4018 158 78 0
4019 160 78 0
4020 162 78 0
4021 164 78 0
4022 166 78 0
4023 168 78 0
4024 170 78 0
4025 172 78 0
4026 174 78 0
4027 176 78 0
4028 178 78 0
4029 180 78 0
4030 182 78 0
4031 184 78 0
4032 186 78 0
4033 188 78 0
4034 190 78 0
4035 192 78 0
4036 194 78 0
4037 196 78 0
4038 198 78 0
4039 200 78 0
4040 0 80 0
4041 2 80 0
4042 4 80 0
4043 6 80 0
4044 8 80 0
4045 10 80 0
4046 12 80 0
4047 14 80 0
4048 16 80 0
4049 18 80 0
4050 20 80 0
4051 22 80 0
4052 24 80 0
4053 26 80 0
4054 28 80 0
4055 30 80 0
4056 32 80 0
4057 34 80 0
4058 36 80 0
4059 38 80 0
4060 40 80 0
4061 42 80 0
4062 44 80 0
4063 46 80 0
4064 48 80 0
4065 50 80 0
4066 52 80 0
4067 54 80 0
4068 56 80 0
4069 58 80 0
4070 60 80 0
4071 62 80 0
4072 64 80 0
4073 66 80 0
4074 68 80 0
4075 70 80 0
4076 72 80 0
4077 74 80 0
4078 76 80 0
4079 78 80 0
4080 80 80 0
4081 82 80 0
4082 84 80 0
4083 86 80 0
4084 88 80 0
4085 90 80 0
4086 92 80 0
4087 94 80 0
4088 96 80 0
4089 98 80 0
4090 100 80 0
4091 102 80 0
4092 104 80 0
4093 106 80 0
4094 108 80 0
4095 110 80 0
4096 112 80 0
4097 114 80 0
4098 116 80 0
4099 118 80 0
4100 120 80 0
4101 122 80 0
4102 124 80 0
4103 126 80 0
4104 128 80 0
4105 130 80 0
4106 132 80 0
4107 134 80 0
4108 136 80 0
4109 138 80 0
4110 140 80 0
4111 142 80 0
4112 144 80 0
4113 146 80 0
4114 148 80 0
4115 150 80 0
4116 152 80 0
4117 154 80 0
4118 156 80 0
4119 158 80 0
4120 160 80 0
4121 162 80 0
4122 164 80 0
4123 166 80 0
4124 168 80 0
4125 170 80 0
4126 172 80 0
4127 174 80 0
4128 176 80 0
4129 178 80 0
4130 180 80 0
4131 182 80 0
4132 184 80 0
4133 186 80 0
4134 188 80 0
4135 190 80 0
4136 192 80 0
4137 194 80 0
4138 196 80 0
4139 198 80 0
4140 200 80 0
4141 0 82 0
4142 2 82 0
4143 4 82 0
4144 6 82 0
4145 8 82 0
4146 10 82 0
4147 12 82 0
4148 14 82 0
4149 16 82 0
4150 18 82 0
4151 20 82 0
4152 22 82 0
4153 24 82 0
4154 26 82 0
4155 28 82 0
4156 30 82 0
4157 32 82 0
4158 34 82 0
4159 36 82 0
4160 38 82 0
4161 40 82 0
4162 42 82 0
4163 44 82 0
4164 46 82 0
4165 48 82 0
4166 50 82 0
4167 52 82 0
4168 54 82 0
4169 56 82 0
4170 58 82 0
4171 60 82 0
4172 62 82 0
4173 64 82 0
4174 66 82 0
4175 68 82 0
4176 70 82 0
4177 72 82 0
4178 74 82 0
4179 76 82 0
4180 78 82 0
4181 80 82 0
4182 82 82 0
4183 84 82 0
4184 86 82 0
4185 88 82 0
4186 90 82 0
4187 92 82 0
4188 94 82 0
4189 96 82 0
4190 98 82 0
4191 100 82 0
4192 102 82 0
4193 104 82 0
4194 106 82 0
4195 108 82 0
4196 110 82 0
4197 112 82 0
4198 114 82 0
4199 116 82 0
4200 118 82 0
4201 120 82 0
4202 122 82 0
4203 124 82 0
4204 126 82 0
4205 128 82 0
4206 130 82 0
4207 132 82 0
4208 134 82 0
4209 136 82 0
4210 138 82 0
4211 140 82 0
4212 142 82 0
4213 144 82 0
4214 146 82 0
4215 148 82 0
4216 150 82 0
4217 152 82 0
4218 154 82 0
4219 156 82 0
4220 158 82 0
4221 160 82 0
4222 162 82 0
4223 164 82 0
4224 166 82 0
4225 168 82 0
4226 170 82 0
4227 172 82 0
4228 174 82 0
4229 176 82 0
4230 178 82 0
4231 180 82 0
4232 182 82 0
4233 184 82 0
4234 186 82 0
4235 188 82 0
4236 190 82 0
4237 192 82 0
4238 194 82 0
4239 196 82 0
4240 198 82 0
4241 200 82 0
4242 0 84 0
4243 2 84 0
4244 4 84 0
4245 6 84 0
4246 8 84 0
4247 10 84 0
4248 12 84 0
4249 14 84 0
4250 16 84 0
4251 18 84 0
4252 20 84 0
4253 22 84 0
4254 24 84 0
4255 26 84 0
4256 28 84 0
4257 30 84 0
4258 32 84 0
4259 34 84 0
4260 36 84 0
4261 38 84 0
4262 40 84 0
4263 42 84 0
4264 44 84 0
4265 46 84 0
4266 48 84 0
4267 50 84 0
4268 52 84 0
4269 54 84 0
4270 56 84 0
4271 58 84 0
4272 60 84 0
4273 62 84 0
4274 64 84 0
4275 66 84 0
4276 68 84 0
4277 70 84 0
4278 72 84 0
4279 74 84 0
4280 76 84 0
4281 78 84 0
4282 80 84 0
4283 82 84 0
4284 84 84 0
4285 86 84 0
4286 88 84 0
4287 90 84 0
4288 92 84 0
4289 94 84 0
4290 96 84 0
4291 98 84 0
4292 100 84 0
4293 102 84 0
4294 104 84 0
4295 106 84 0
4296 108 84 0
4297 110 84 0
4298 112 84 0
4299 114 84 0
4300 116 84 0
4301 118 84 0
4302 120 84 0
4303 122 84 0
4304 124 84 0
4305 126 84 0
4306 128 84 0
4307 130 84 0
4308 132 84 0
4309 134 84 0
4310 136 84 0
4311 138 84 0
4312 140 84 0
4313 142 84 0
4314 144 84 0
4315 146 84 0
4316 148 84 0
4317 150 84 0
4318 152 84 0
4319 154 84 0
4320 156 84 0
4321 158 84 0
4322 160 84 0
4323 162 84 0
4324 164 84 0
4325 166 84 0
4326 168 84 0
4327 170 84 0
4328 172 84 0
4329 174 84 0
4330 176 84 0
4331 178 84 0
4332 180 84 0
4333 182 84 0
4334 184 84 0
4335 186 84 0
4336 188 84 0
4337 190 84 0
4338 192 84 0
4339 194 84 0
4340 196 84 0
4341 198 84 0
4342 200 84 0
4343 0 86 0
4344 2 86 0
4345 4 86 0
4346 6 86 0
4347 8 86 0
4348 10 86 0
4349 12 86 0
4350 14 86 0
4351 16 86 0
4352 18 86 0
4353 20 86 0
4354 22 86 0
4355 24 86 0
4356 26 86 0
4357 28 86 0
4358 30 86 0
4359 32 86 0
4360 34 86 0
4361 36 86 0
4362 38 86 0
4363 40 86 0
4364 42 86 0
4365 44 86 0
4366 46 86 0
4367 48 86 0
4368 50 86 0
4369 52 86 0
4370 54 86 0
4371 56 86 0
4372 58 86 0
4373 60 86 0
4374 62 86 0
4375 64 86 0
4376 66 86 0
4377 68 86 0
4378 70 86 0
4379 72 86 0
4380 74 86 0
4381 76 86 0
4382 78 86 0
4383 80 86 0
4384 82 86 0
4385 84 86 0
4386 86 86 0
4387 88 86 0
4388 90 86 0
4389 92 86 0
4390 94 86 0
4391 96 86 0
4392 98 86 0
4393 100 86 0
4394 102 86 0
4395 104 86 0
4396 106 86 0
4397 108 86 0
4398 110 86 0
4399 112 86 0
4400 114 86 0
4401 116 86 0
4402 118 86 0
4403 120 86 0
4404 122 86 0
4405 124 86 0
4406 126 86 0
4407 128 86 0
4408 130 86 0
4409 132 86 0
4410 134 86 0
4411 136 86 0
4412 138 86 0
4413 140 86 0
4414 142 86 0
4415 144 86 0
4416 146 86 0
4417 148 86 0
4418 150 86 0
4419 152 86 0
4420 154 86 0
4421 156 86 0
4422 158 86 0
4423 160 86 0
4424 162 86 0
4425 164 86 0
4426 166 86 0
4427 168 86 0
4428 170 86 0
4429 172 86 0
4430 174 86 0
4431 176 86 0
4432 178 86 0
4433 180 86 0
4434 182 86 0
4435 184 86 0
4436 186 86 0
4437 188 86 0
4438 190 86 0
4439 192 86 0
4440 194 86 0
4441 196 86 0
4442 198 86 0
4443 200 86 0
4444 0 88 0
4445 2 88 0
4446 4 88 0
4447 6 88 0
4448 8 88 0
4449 10 88 0
4450 12 88 0
4451 14 88 0
4452 16 88 0
4453 18 88 0
4454 20 88 0
4455 22 88 0
4456 24 88 0
4457 26 88 0
4458 28 88 0
4459 30 88 0
4460 32 88 0
4461 34 88 0
4462 36 88 0
4463 38 88 0
4464 40 88 0
4465 42 88 0
4466 44 88 0
4467 46 88 0
4468 48 88 0
4469 50 88 0
4470 52 88 0
4471 54 88 0
4472 56 88 0
4473 58 88 0
4474 60 88 0
4475 62 88 0
4476 64 88 0
4477 66 88 0
4478 68 88 0
4479 70 88 0
4480 72 88 0
4481 74 88 0
4482 76 88 0
4483 78 88 0
4484 80 88 0
4485 82 88 0
4486 84 88 0
4487 86 88 0
4488 88 88 0
4489 90 88 0
4490 92 88 0
4491 94 88 0
4492 96 88 0
4493 98 88 0
4494 100 88 0
4495 102 88 0
4496 104 88 0
4497 106 88 0
4498 108 88 0
4499 110 88 0
4500 112 88 0
4501 114 88 0
4502 116 88 0
4503 118 88 0
4504 120 88 0
4505 122 88 0
4506 124 88 0
4507 126 88 0
4508 128 88 0
4509 130 88 0
4510 132 88 0
4511 134 88 0
4512 136 88 0
4513 138 88 0
4514 140 88 0
4515 142 88 0
4516 144 88 0
4517 146 88 0
4518 148 88 0
4519 150 88 0
4520 152 88 0
4521 154 88 0
4522 156 88 0
4523 158 88 0
4524 160 88 0
4525 162 88 0
4526 164 88 0
4527 166 88 0
4528 168 88 0
4529 170 88 0
4530 172 88 0
4531 174 88 0
4532 176 88 0
4533 178 88 0
4534 180 88 0
4535 182 88 0
4536 184 88 0
4537 186 88 0
4538 188 88 0
4539 190 88 0
4540 192 88 0
4541 194 88 0
4542 196 88 0
4543 198 88 0
4544 200 88 0
4545 0 90 0
4546 2 90 0
4547 4 90 0
4548 6 90 0
4549 8 90 0
4550 10 90 0
4551 12 90 0
4552 14 90 0
4553 16 90 0
4554 18 90 0
4555 20 90 0
4556 22 90 0
4557 24 90 0
4558 26 90 0
4559 28 90 0
4560 30 90 0
4561 32 90 0
4562 34 90 0
4563 36 90 0
4564 38 90 0
4565 40 90 0
4566 42 90 0
4567 44 90 0
4568 46 90 0
4569 48 90 0
4570 50 90 0
4571 52 90 0
4572 54 90 0
4573 56 90 0
4574 58 90 0
4575 60 90 0
4576 62 90 0
4577 64 90 0
4578 66 90 0
4579 68 90 0
4580 70 90 0
4581 72 90 0
4582 74 90 0
4583 76 90 0
4584 78 90 0
4585 80 90 0
4586 82 90 0
4587 84 90 0
4588 86 90 0
4589 88 90 0
4590 90 90 0
4591 92 90 0
4592 94 90 0
4593 96 90 0
4594 98 90 0
4595 100 90 0
4596 102 90 0
4597 104 90 0
4598 106 90 0
4599 108 90 0
4600 110 90 0
4601 112 90 0
4602 114 90 0
4603 116 90 0
4604 118 90 0
4605 120 90 0
4606 122 90 0
4607 124 90 0
4608 126 90 0
4609 128 90 0
4610 130 90 0
4611 132 90 0
4612 134 90 0
4613 136 90 0
4614 138 90 0
4615 140 90 0
4616 142 90 0
4617 144 90 0
4618 146 90 0
4619 148 90 0
4620 150 90 0
4621 152 90 0
4622 154 90 0
4623 156 90 0
4624 158 90 0
4625 160 90 0
4626 162 90 0
4627 164 90 0
4628 166 90 0
4629 168 90 0
4630 170 90 0
4631 172 90 0
4632 174 90 0
4633 176 90 0
4634 178 90 0
4635 180 90 0
4636 182 90 0
4637 184 90 0
4638 186 90 0
4639 188 90 0
4640 190 90 0
4641 192 90 0
4642 194 90 0
4643 196 90 0
4644 198 90 0
4645 200 90 0
4646 0 92 0
4647 2 92 0
4648 4 92 0
4649 6 92 0
4650 8 92 0
4651 10 92 0
4652 12 92 0
4653 14 92 0
4654 16 92 0
4655 18 92 0
4656 20 92 0
4657 22 92 0
4658 24 92 0
4659 26 92 0
4660 28 92 0
4661 30 92 0
4662 32 92 0
4663 34 92 0
4664 36 92 0
4665 38 92 0
4666 40 92 0
4667 42 92 0
4668 44 92 0
4669 46 92 0
4670 48 92 0
4671 50 92 0
4672 52 92 0
4673 54 92 0
4674 56 92 0
4675 58 92 0
4676 60 92 0
4677 62 92 0
4678 64 92 0
4679 66 92 0
4680 68 92 0
4681 70 92 0
4682 72 92 0
4683 74 92 0
4684 76 92 0
4685 78 92 0
4686 80 92 0
4687 82 92 0
4688 84 92 0
4689 86 92 0
4690 88 92 0
4691 90 92 0
4692 92 92 0
4693 94 92 0
4694 96 92 0
4695 98 92 0
4696 100 92 0
4697 102 92 0
4698 104 92 0
4699 106 92 0
4700 108 92 0
4701 110 92 0
4702 112 92 0
4703 114 92 0
4704 116 92 0
4705 118 92 0
4706 120 92 0
4707 122 92 0
4708 124 92 0
4709 126 92 0
4710 128 92 0
4711 130 92 0
4712 132 92 0
4713 134 92 0
4714 136 92 0
4715 138 92 0
4716 140 92 0
4717 142 92 0
4718 144 92 0
4719 146 92 0
4720 148 92 0
4721 150 92 0
4722 152 92 0
4723 154 92 0
4724 156 92 0
4725 158 92 0
4726 160 92 0
4727 162 92 0
4728 164 92 0
4729 166 92 0
4730 168 92 0
4731 170 92 0
4732 172 92 0
4733 174 92 0
4734 176 92 0
4735 178 92 0
4736 180 92 0
4737 182 92 0
4738 184 92 0
4739 186 92 0
4740 188 92 0
4741 190 92 0
4742 192 92 0
4743 194 92 0
4744 196 92 0
4745 198 92 0
4746 200 92 0
4747 0 94 0
4748 2 94 0
4749 4 94 0
4750 6 94 0
4751 8 94 0
4752 10 94 0
4753 12 94 0
4754 14 94 0
4755 16 94 0
4756 18 94 0
4757 20 94 0
4758 22 94 0
4759 24 94 0
4760 26 94 0
4761 28 94 0
4762 30 94 0
4763 32 94 0
4764 34 94 0
4765 36 94 0
4766 38 94 0
4767 40 94 0
4768 42 94 0
4769 44 94 0
4770 46 94 0
4771 48 94 0
4772 50 94 0
4773 52 94 0
4774 54 94 0
4775 56 94 0
4776 58 94 0
4777 60 94 0
4778 62 94 0
4779 64 94 0
4780 66 94 0
4781 68 94 0
4782 70 94 0
4783 72 94 0
4784 74 94 0
4785 76 94 0
4786 78 94 0
4787 80 94 0
4788 82 94 0
4789 84 94 0
4790 86 94 0
4791 88 94 0
4792 90 94 0
4793 92 94 0
4794 94 94 0
4795 96 94 0
4796 98 94 0
4797 100 94 0
4798 102 94 0
4799 104 94 0
4800 106 94 0
4801 108 94 0
4802 110 94 0
4803 112 94 0
4804 114 94 0
4805 116 94 0
4806 118 94 0
4807 120 94 0
4808 122 94 0
4809 124 94 0
4810 126 94 0
4811 128 94 0
4812 130 94 0
4813 132 94 0
4814 134 94 0
4815 136 94 0
4816 138 94 0
4817 140 94 0
4818 142 94 0
4819 144 94 0
4820 146 94 0
4821 148 94 0
4822 150 94 0
4823 152 94 0
4824 154 94 0
4825 156 94 0
4826 158 94 0
4827 160 94 0
4828 162 94 0
4829 164 94 0
4830 166 94 0
4831 168 94 0
4832 170 94 0
4833 172 94 0
4834 174 94 0
4835 176 94 0
4836 178 94 0
4837 180 94 0
4838 182 94 0
4839 184 94 0
4840 186 94 0
4841 188 94 0
4842 190 94 0
4843 192 94 0
4844 194 94 0
4845 196 94 0
4846 198 94 0
4847 200 94 0
4848 0 96 0
4849 2 96 0
4850 4 96 0
4851 6 96 0
4852 8 96 0
4853 10 96 0
4854 12 96 0
4855 14 96 0
4856 16 96 0
4857 18 96 0
4858 20 96 0
4859 22 96 0
4860 24 96 0
4861 26 96 0
4862 28 96 0
4863 30 96 0
4864 32 96 0
4865 34 96 0
4866 36 96 0
4867 38 96 0
4868 40 96 0
4869 42 96 0
4870 44 96 0
4871 46 96 0
4872 48 96 0
4873 50 96 0
4874 52 96 0
4875 54 96 0
4876 56 96 0
4877 58 96 0
4878 60 96 0
4879 62 96 0
4880 64 96 0
4881 66 96 0
4882 68 96 0
4883 70 96 0
4884 72 96 0
4885 74 96 0
4886 76 96 0
4887 78 96 0
4888 80 96 0
4889 82 96 0
4890 84 96 0
4891 86 96 0
4892 88 96 0
4893 90 96 0
4894 92 96 0
4895 94 96 0
4896 96 96 0
4897 98 96 0
4898 100 96 0
4899 102 96 0
4900 104 96 0
4901 106 96 0
4902 108 96 0
4903 110 96 0
4904 112 96 0
4905 114 96 0
4906 116 96 0
4907 118 96 0
4908 120 96 0
4909 122 96 0
4910 124 96 0
4911 126 96 0
4912 128 96 0
4913 130 96 0
4914 132 96 0
4915 134 96 0
4916 136 96 0
4917 138 96 0
4918 140 96 0
4919 142 96 0
4920 144 96 0
4921 146 96 0
4922 148 96 0
4923 150 96 0
4924 152 96 0
4925 154 96 0
4926 156 96 0
4927 158 96 0
4928 160 96 0
4929 162 96 0
4930 164 96 0
4931 166 96 0
4932 168 96 0
4933 170 96 0
4934 172 96 0
4935 174 96 0
4936 176 96 0
4937 178 96 0
4938 180 96 0
4939 182 96 0
4940 184 96 0
4941 186 96 0
4942 188 96 0
4943 190 96 0
4944 192 96 0
4945 194 96 0
4946 196 96 0
4947 198 96 0
4948 200 96 0
4949 0 98 0
4950 2 98 0
4951 4 98 0
4952 6 98 0
4953 8 98 0
4954 10 98 0
4955 12 98 0
4956 14 98 0
4957 16 98 0
4958 18 98 0
4959 20 98 0
4960 22 98 0
4961 24 98 0
4962 26 98 0
4963 28 98 0
4964 30 98 0
4965 32 98 0
4966 34 98 0
4967 36 98 0
4968 38 98 0
4969 40 98 0
4970 42 98 0
4971 44 98 0
4972 46 98 0
4973 48 98 0
4974 50 98 0
4975 52 98 0
4976 54 98 0
4977 56 98 0
4978 58 98 0
4979 60 98 0
4980 62 98 0
4981 64 98 0
4982 66 98 0
4983 68 98 0
4984 70 98 0
4985 72 98 0
4986 74 98 0
4987 76 98 0
4988 78 98 0
4989 80 98 0
4990 82 98 0
4991 84 98 0
4992 86 98 0
4993 88 98 0
4994 90 98 0
4995 92 98 0
4996 94 98 0
4997 96 98 0
4998 98 98 0
4999 100 98 0
5000 102 98 0
5001 104 98 0
5002 106 98 0
5003 108 98 0
5004 110 98 0
5005 112 98 0
5006 114 98 0
5007 116 98 0
5008 118 98 0
5009 120 98 0
5010 122 98 0
5011 124 98 0
5012 126 98 0
5013 128 98 0
5014 130 98 0
5015 132 98 0
5016 134 98 0
5017 136 98 0
5018 138 98 0
5019 140 98 0
5020 142 98 0
5021 144 98 0
5022 146 98 0
5023 148 98 0
5024 150 98 0
5025 152 98 0
5026 154 98 0
5027 156 98 0
5028 158 98 0
5029 160 98 0
5030 162 98 0
5031 164 98 0
5032 166 98 0
5033 168 98 0
5034 170 98 0
5035 172 98 0
5036 174 98 0
5037 176 98 0
5038 178 98 0
5039 180 98 0
5040 182 98 0
5041 184 98 0
5042 186 98 0
5043 188 98 0
5044 190 98 0
5045 192 98 0
5046 194 98 0
5047 196 98 0
5048 198 98 0
5049 200 98 0
5050 0 100 0
5051 2 100 0
5052 4 100 0
5053 6 100 0
5054 8 100 0
5055 10 100 0
5056 12 100 0
5057 14 100 0
5058 16 100 0
5059 18 100 0
5060 20 100 0
5061 22 100 0
5062 24 100 0
5063 26 100 0
5064 28 100 0
5065 30 100 0
5066 32 100 0
5067 34 100 0
5068 36 100 0
5069 38 100 0
5070 40 100 0
5071 42 100 0
5072 44 100 0
5073 46 100 0
5074 48 100 0
5075 50 100 0
5076 52 100 0
5077 54 100 0
5078 56 100 0
5079 58 100 0
5080 60 100 0
5081 62 100 0
5082 64 100 0
5083 66 100 0
5084 68 100 0
5085 70 100 0
5086 72 100 0
5087 74 100 0
5088 76 100 0
5089 78 100 0
5090 80 100 0
5091 82 100 0
5092 84 100 0
5093 86 100 0
5094 88 100 0
5095 90 100 0
5096 92 100 0
5097 94 100 0
5098 96 100 0
5099 98 100 0
5100 100 100 0
5101 102 100 0
5102 104 100 0
5103 106 100 0
5104 108 100 0
5105 110 100 0
5106 112 100 0
5107 114 100 0
5108 116 100 0
5109 118 100 0
5110 120 100 0
5111 122 100 0
5112 124 100 0
5113 126 100 0
5114 128 100 0
5115 130 100 0
5116 132 100 0
5117 134 100 0
5118 136 100 0
5119 138 100 0
5120 140 100 0
5121 142 100 0
5122 144 100 0
5123 146 100 0
5124 148 100 0
5125 150 100 0
5126 152 100 0
5127 154 100 0
5128 156 100 0
5129 158 100 0
5130 160 100 0
5131 162 100 0
5132 164 100 0
5133 166 100 0
5134 168 100 0
5135 170 100 0
5136 172 100 0
5137 174 100 0
5138 176 100 0
5139 178 100 0
5140 180 100 0
5141 182 100 0
5142 184 100 0
5143 186 100 0
5144 188 100 0
5145 190 100 0
5146 192 100 0
5147 194 100 0
5148 196 100 0
5149 198 100 0
5150 200 100 0
